RTT average: 0.0013604165739567098
Offset average: 0.0005445103541898662
Avg drift time: 0.9994554896458101
Packet loss rate: 0
Instantaneous Offset Values: 
0.000831305980682373
0.0006788671016693115
0.0006018280982971191
0.0005308836698532104
0.0005128502845764161
0.0005189478397369385
0.0004895925521850586
0.0005038231611251831
0.0004856851365831163
0.0004862546920776367
0.0004824941808527166
0.0004717310269673665
0.000470120173234206
0.00045242905616760254
0.0005326549212137858
0.0004640631377696991
0.0004554461030399098
0.00044627653227912053
0.0005039666828356291
0.000449138879776001
0.00047269321623302643
0.000451494346965443
0.0004884496979091479
0.0004362190763155619
0.0005097103118896485
0.00044622329565194936
0.0004626799512792517
0.00046090355941227505
0.00047539225940046643
0.0003731151421864828
0.0004951088659224972
0.0005106572061777115
0.00044542009180242366
0.00045683454064761894
0.00045392172677176336
0.00048744016223483614
0.0004644426139625343
0.00045975572184512486
0.000518797299800775
0.0004942193627357483
0.00046531601649958915
0.00045016975629897347
0.0004553670106932174
0.0004487376321445812
0.00045277410083346893
0.0004755867564159891
0.0006137071771824613
0.0004927938183148702
0.0004483838470614686
0.00043984055519104005
0.00048111116184907797
0.0004647431465295645
0.0004922848827434036
0.0004329659320690014
0.0004493800076571378
0.0004702402012688773
0.0005139593492474472
0.00040238890154608366
0.0004737245834479898
0.0005052417516708374
0.0004400581610007364
0.00045807707694268994
0.00045763121710883244
0.00042667053639888763
0.00043154221314650314
0.0004561877611911658
0.00048122655099897243
0.0005064028150895063
0.000647270161172618
0.0004814931324550084
0.00045692081182775366
0.0004363540146085951
0.00048066328649651514
0.0004554970844371899
0.0004330905278523763
0.00044121397169012775
0.00047014595626236556
0.0004385480513939491
0.0004856458193139185
0.0004731468856334686
0.00043789619280968186
0.00044685820253883917
0.0004474786390741188
0.00042755263192313056
0.0004720126881318934
0.0005185562510823094
0.00044892711200933346
0.0005149814215573398
0.0003831828578134601
0.00045899550120035804
0.0004044234097658933
0.00045494022576705265
0.00041905910738052857
0.000496406504448424
0.00046216939624987147
0.0004869910577932993
0.00043929237680336865
0.00045612880161830356
0.00045877875703753847
0.000414966344833374
0.00046215553094845004
0.0004492039773978439
0.0004755258560180664
0.0004596664355351375
0.00048740250723702566
0.0005576014518737793
0.00045273571370918063
0.0006118173952455874
0.00048763052039190174
0.00045365203510631214
0.00047050349347226256
0.00042748717325074334
0.0004069182725079292
0.0004398822784423828
0.00046229880789051884
0.00046953661688442885
0.000470578670501709
0.00043711773419784287
0.0004739465833712025
0.00044772873322168985
0.0004280874551820361
0.00042903130171728914
0.00045848135056534434
0.0004326244515757407
0.0004987106323242188
0.0004881989388238816
0.0004384376871304249
0.0004776902496814728
0.00047654190728830734
0.0004290695373828595
0.00043183701638957017
0.00046139413660222834
0.00047627786048372886
0.0004288669842392651
0.00037561919954088
0.00048822296016356526
0.0004977122710569062
0.0005901762540789618
0.0006998700203655435
0.00046527641160147527
0.0005062640981471285
0.0004434711496594926
0.0004381691659247125
0.00044940412044525146
0.0004470714207353263
0.0004614146604929885
0.0005354033846433471
0.0004673185380729469
0.0006193642648274467
0.00046087026596069335
0.0005367449577281017
0.00045349880268699244
0.00045111989663317313
0.0005191804526688216
0.0004932688128563666
0.0004911460937597812
0.00044048895501786736
0.0005000754247737836
0.0004680704020854062
0.00043371617794036866
0.0004778271136076554
0.0004468148137316292
0.0004436852741826531
0.0004667654270079078
0.000485458518519546
0.0004930589572492853
0.0004009251109140362
0.00043054918448130286
0.00044175929571749895
0.00044612533905926874
0.0004523079297695941
0.0003984473472417787
0.0004535324311669851
0.00045720427885822867
0.0004309173992701939
0.000476365400986238
0.0004292096795335328
0.0004354919610398539
0.000482284489956648
0.00041567385196685793
0.0003830856381200295
0.00040092736810118287
0.00043377524516621574
0.0004194216883700827
0.0004179274713670885
0.00041118392380335
0.000434627826201087
0.0004449686471452104
0.0004273523729314249
0.0004429042339324951
0.00046289154372290166
0.0004957995067040125
0.0004940687683579835
0.0004699746358025934
0.000465245124621269
0.0004141780794883261
0.00043497321569374976
0.00044836690931609183
0.0004263055983500265
0.0004051482677459717
0.000425849980975858
0.0004764010410497684
0.00045502244545321156
0.0004520153298097498
0.000441960590641673
0.0004495602209591171
0.0005013052968011386
0.000436951621220662
0.000625606929286245
0.0004201026189894903
0.00042538846273557833
0.0005335200507685823
0.00040815385854300196
0.000490634519363118
0.000416503673376039
0.00045062739540029453
0.0004279888170655422
0.0004181216616149342
0.0004241855721495467
0.0004535255107012662
0.0004174949356873111
0.0004400726374205168
0.0004122094188570442
0.0003739709832838603
0.0004038723309834798
0.000503648435120034
0.000488293853625327
0.0006679552688933256
0.0004173387086027054
0.00046543193900066876
0.0004439387486610578
0.00045191650760584864
0.0004098018863170444
0.00044970252575018466
0.00048780872466716357
0.0004922214706065292
0.0004685775137148829
0.0004162222397427599
0.00047326038073296326
0.0004322504003842672
0.00043440211363353175
0.0004463392840929268
0.0004432468747896422
0.00044622211182703735
0.0004603563522805973
0.00044140849656205836
0.00045057684786406607
0.0004530476946984568
0.00044599211359598546
0.0004490413665771485
0.00044572567084870965
0.0004433509376313951
0.0004453185518739723
0.000447771445972713
0.0004452277632320628
0.0004646687302738428
0.0004274423020359143
0.00044830501541610836
0.00043956653491870776
0.0004429542101346529
0.00044117005848793233
0.0004416447104388521
0.0004487975921920951
0.0004363087090578946
0.0004544694468660175
0.0004464136926751388
0.00044261940409628193
0.0004493614186101885
0.00044432736683955423
0.0004485136932796902
0.0004477091820917446
0.0004082782303585726
0.00039475042741377275
0.00044829001391891144
0.0004244810884649103
0.000438196719556615
0.0004728843158763238
0.00044547010668747716
0.00043589795362137553
0.0004363651786531721
0.0004372520378900168
0.00044547412412386414
0.0004451428622323296
0.0004435590874980873
0.00044959950865360726
0.00046454255397503194
0.00041707218316373927
0.00044650543067190383
0.0004632268809942226
0.0004417400935600544
0.00043943145430784455
0.0004373537759258323
0.00043985908755670225
0.00042747234811588207
0.00044568090115563346
0.0003896844950882164
0.00041694633085719664
0.0004404871255759425
0.00045051801962198623
0.0004342375199000041
0.00043542678173990343
0.000443892368417702
0.00044284972420620053
0.000436797149871525
0.0004164795406529161
0.00044294529491000704
0.00044309355148663347
0.00042804340263465784
0.0003922620251726564
0.00045066052867520244
0.000437544281459698
0.0004659900680566445
0.00041888887508989526
0.0003967307935095137
0.000449307191939581
0.00041878393179253684
0.0005222152836315264
0.00043315182691850004
0.00041962417315539893
0.00044825486838817596
0.0004420473568164671
0.0004565034593854632
0.00045473250811314066
0.0004497968856199288
0.00043626290101271407
0.00043073406248736234
0.0005156089771049103
0.00042461149576233654
0.00040432475620490074
0.0004690927086454449
0.0004436969757080078
0.00048116675342421933
0.0004116993050675492
0.00044233766858449235
0.00045751173104812846
0.0004868574795268831
0.00045144027347734494
0.0004684886283423068
0.0005118133044172529
0.0005051970481872558
0.0004275706856131903
0.0003984725614737349
0.0005873836164224252
0.000449794496214667
0.00048149755035621535
0.0004893908266387233
0.0004555232586709498
0.00043645860819981015
0.00044565146153840773
0.000490156923021589
0.0004885361405179711
0.00042462298138575124
0.00041357603019087576
0.0004523876359907247
0.00046085152827518084
0.00043524533845065683
0.0005186437224807526
0.0005536380759830581
0.0004161133075490967
0.0004327590266863505
0.00044945171335067114
0.00044193188788482497
0.00044392816948168206
0.00042590302425426444
0.00044728697162784944
0.0004535903696153985
0.00043684406566360013
0.0005130354800949926
0.0006084476060014431
0.0005748934036976582
0.0005421394286451314
0.00042417933863978235
0.0004390578806879693
0.00046452688660851137
0.0004530496597290039
0.0004223490014989325
0.00045373458761119084
0.0004462224465829355
0.00047171147328882543
0.00038652231818751283
0.00041256989706845424
0.0005332796361433898
0.0005431427345574681
0.0007166446497042974
0.0005128211789316945
0.00043250164837417207
0.0004648646334961095
0.0007266701803993933
0.0004676079382320296
0.0005781997472811968
0.00046293418425733175
0.0005490147337621572
0.0004602553886918318
0.000536433482533179
0.00048817109458054167
0.0004416926942690454
0.0007331742147354396
0.00041968603829043593
0.0004435441547766664
0.0004957152903079986
0.0004575369958568392
0.0004463831880199376
0.0006204529968148129
0.0006036826289526307
0.0004948383496131426
0.0008056381065857234
0.00043091302421813515
0.0004324414858631059
0.0004545974848031415
0.00043979359836113165
0.00043645754927846344
0.00042733217327340137
0.0004237880141048108
0.0005284779601626926
0.00045377245868544983
0.0004328284412622452
0.00042923891858802994
0.0004506752821817352
0.0004106513924701117
0.00046005859261467343
0.00042858132274020596
0.0005169540502448783
0.00042529182231172604
0.00041471323314702733
0.0004718808566822725
0.0004339352459974692
0.00041580856265173026
0.00047673535681216515
0.0005482953467291274
0.0004327437212300855
0.0004380988410896602
0.0005458676152759128
0.0006160963214847838
0.0005244204800249795
0.0004920764901172156
0.000749812760484328
0.0006469938247645747
0.0005219415442584312
0.0005375069474848093
0.000520681928504597
0.00051782474496197
0.0006364941327280588
0.000520528708300795
0.0006554138821524543
0.0005165988139891893
0.0004947716077881544
0.00047945136191860944
0.0004928259711180415
0.00040537915410337045
0.0004491659005482992
0.0004974614225840093
0.0004464435366402685
0.0004754808564849247
0.00046375328223610766
0.0004349529088198484
0.0004470974468348319
0.0004688057909909171
0.00042910945467553285
0.00046222311219358753
0.0004361623007318248
0.0004749545047702086
0.000458696832904568
0.0004500929531731822
0.0004545836870012612
0.00044531565840526293
0.00046654550814321627
0.00045778039180747446
0.0004383273359037872
0.0004899412838380729
0.0009876870094461645
0.0004894227232396476
0.0005751153675176329
0.000443372363519971
0.0004805676041776118
0.0005740486948113692
0.00043008232317050965
0.00044144049630474993
0.00043959073940580363
0.0005622516096509324
0.00043977610766887665
0.0005651789246874391
0.0004479533903826322
0.00045678618038169595
0.0004803002619546307
0.0005948196981371064
0.0004688314940213176
0.0005566232992638307
0.0004732316878975415
0.0004560084430717983
0.0004512670088787468
0.0005041538090909814
0.0005422471984615171
0.0005706422952802863
0.00044960555760001364
0.0004963485881535694
0.0005371064668701542
0.0005932048532804493
0.0005077348655486203
0.0004550535119846015
0.0004324859380722046
0.0004726372317163768
0.0006439396109713977
0.00048149852582047995
0.0007537874200987438
0.0005273669072897128
0.0004282283924313873
0.00045209652808526093
0.00045902487330549345
0.0004215020327764785
0.00047635260750265683
0.0004516793323822917
0.0005081393755972385
0.00045813663661131384
0.00047610474003892
0.0004268738829973832
0.00042076096978298455
0.0004542142556299324
0.00044612868412120924
0.00045811452387844667
0.00042929454491688656
0.00045424242166090833
0.00045641000700179647
0.0005019145303656904
0.0004915373243448389
0.000536274342309861
0.0004519329551508218
0.0004931370492678213
0.00047713935826763964
0.0004141427618794721
0.0005622065292214448
0.0004736809182750752
0.0004001275489204808
0.0007670337218952
0.000604325242703327
0.00045376692976907036
0.000459507774950853
0.00042079447368003806
0.0005718501748648718
0.00045830365235818783
0.0004702520591241342
0.0004442545711002597
0.0006194940572295242
0.0005394718704083128
0.00043808186755460855
0.0006419789900473498
0.0005240272252987593
0.0004416209470201454
0.0005033070588633962
0.0004693808234237365
0.0004976198889992453
0.0007796472516553156
0.0005974479127621305
0.00047970637274909406
0.00048620563121478907
0.00044848994091824365
0.0004791920776847455
0.0004349669819460309
0.000741316746639949
0.0004265385151762442
0.0004287096006529672
0.00042414973338870016
0.0006550205772033365
0.0004555988481159108
0.0004513251020553264
0.00043077194585209395
0.00046221759209784516
0.0005941529753346923
0.0006118798759621633
0.0005603166581876249
0.0004561500591144227
0.0004632013691703409
0.00046412594668515075
0.00043262736335474786
0.00048255359669595647
0.0004640813495801843
0.00045559058586756385
0.00046246324502822637
0.0004622550571666044
0.0004609141736862367
0.000456173666592302
0.0005823765687400831
0.0004562516392711102
0.0004339195647329654
0.0006891878908627654
0.00046400269891461757
0.00042570918900161067
0.00045243885488688843
0.0004625847550476489
0.00041779263517447763
0.0004586958279043941
0.0004626542783630681
0.00044885740892307177
0.00046263436643912456
0.0004611163829713558
0.0004962528453153723
0.000511778881085799
0.0005590404497718491
0.0004127848905863172
0.0004585690808813639
0.00042235453923543295
0.0004720298105389028
0.00044221586959306583
0.0006732420739447497
0.000784309297207965
0.0004817830629585203
0.00041502792843104195
0.0004422189376303156
0.00041533418391880234
0.00045027521443484454
0.00043365642672679467
0.00040711630775963614
0.0004542641390382854
0.00045744163177141746
0.00045394878045743763
0.0004609408417368323
0.00047962696521313157
0.0004631171736570386
0.0004660117780506418
0.0004810705323596763
0.00046480163451164
0.0004672819865498566
0.0005424841040583669
0.0010116149104808729
0.0004542109866937002
0.000837187671661377
0.0006820099612775321
0.00046059969319491104
0.0004892940544019079
0.0004893047631450223
0.00047048037014310324
0.0004531162098734957
0.00045801680299300184
0.0004837273798094353
0.0004622122090697664
0.0004514515869260773
0.0004694036342812784
0.00045537639824524403
0.0004503275720303335
0.00046273520295049103
0.0004862489178776741
0.0005455026388540283
0.00040708041265374775
0.0004909465880267912
0.0004579396166416429
0.0005449251611103383
0.00046098020054607567
0.00046827896300939356
0.00045472751429051527
0.000465235559525218
0.00045543478085444524
0.0004571227617161248
0.0004660256801207373
0.00046731301142647296
0.00047205949048383523
0.0004805088043212891
0.0004600628120143239
0.000501216909475341
0.00047651096317905786
0.00044348234471855105
0.0004840154539455067
0.0004817544061369326
0.00044867432369566395
0.0004566715493640928
0.000490370644144265
0.0005236437446192691
0.00045671173044153164
0.0004454690298397859
0.0004946487749408105
0.0005781153392364092
0.0004665607836709094
0.0004457364139187354
0.0004609419653813044
0.0006914027201296848
0.0004705215420142833
0.0004617427013538502
0.0005132112453675129
0.0004076977071945213
0.00045866934599074645
0.00045535710142357536
0.0004687890410423279
0.00046030636575953725
0.0005335889079354026
0.0004568943865651791
0.00046258023259235405
0.00045975107346137945
0.0004514938888327373
0.00047666302935004757
0.0005577184952968775
0.00045125621150643805
0.0004807165567425714
0.00042194524825740656
0.0004436744947653974
0.0004373616814441323
0.00046757765393435783
0.00045450479864216536
0.0004559567776219598
0.00047398109518130506
0.00045918923052812376
0.0004923579859972341
0.0004628701720918928
0.0004819180077731014
0.00045938904468829814
0.0004445766317386546
0.00045233346860517156
0.0004295243439099468
0.00045818149536932493
0.0004813958596980892
0.0004109446443406876
0.00044505981195124315
0.0004262349135439161
0.0004657366943091112
0.0004537362563476134
0.0004646072548201509
0.0004828846087308825
0.0004433115045507471
0.000495355055984838
0.0004323152318659188
0.00045573346130031066
0.00047423735115889544
0.00042970536483658684
0.0004884064941564976
0.000627953507563414
0.000462398489481186
0.00043215491495079755
0.00045754046275697904
0.0004398074852861977
0.00045751500490443084
0.0004496766806958796
0.0004628681678667317
0.00045789847635243036
0.0004853470054762145
0.00047832206298744744
0.00045382334135401624
0.00046082210475807293
0.00044959151014989737
0.00047530063792415285
0.0004625402118004808
0.00042675512269906555
0.0004451619272141721
0.0005653390207806148
0.00043349122872397643
0.00046090769639233695
0.0004213060857790797
0.00042534154909913257
0.0004694966661850078
0.0004085090620588042
0.0004548474328425355
0.0005088179187978652
0.0009713908222234137
0.00045503759384155274
0.00048105210343626307
0.0006610005301363925
0.0005618209541239745
0.0004920727852484908
0.00043844426704558315
0.0004510847191331248
0.00045450336866996086
0.00047503321340656534
0.00045398619806342447
0.00045275986194610597
0.00039371554390986235
0.0004615517738923
0.00039977764864580344
0.00044592637666232923
0.0005072158146527858
0.00045521740191287847
0.00046239806900123885
0.0004703630693256855
0.000590335640702663
0.00042948777025396173
0.000505478388295254
0.0004772595636585216
0.00040877096711586854
0.0003839437043636036
0.0004377628910926081
0.00046494902716469517
0.0004456787342577214
0.0005528647979304846
0.00043321413314388406
0.0005896772329623882
0.0004298402313691553
0.0004320421334727646
0.0004217301139734105
0.0004198690306167213
0.00042134371532756055
0.00043295335223656573
0.0003958810239159319
0.00043606909398500085
0.0004092532721158065
0.0007461708557756641
0.0005333042325623871
0.0005067896963369966
0.00042439191067805053
0.0004345158335544
0.0004072210323885552
0.0003859122194836487
0.00040832681667849586
0.00048745395545672654
0.0005059433222115413
0.0004281942546367645
0.0004289069128096029
0.0004163884611201108
0.00041672925129625595
0.00041426933226893794
0.0003941636648237335
0.0004331015475630464
0.00040503283858742416
0.0004084604506445403
0.00045456955547827876
0.00042307104593441807
0.00044398588552133956
0.0004109845226034155
0.0003915921788373996
0.00046676887926949917
0.0004820163264596389
0.0004915008504016727
0.0004072984546021703
0.0004061415317880495
0.00043937538424108783
0.0004220457338705296
0.00040546999779165734
0.0004121201461829118
0.0004190767086580631
0.00039248457811411145
0.0005104017257690429
0.0004484559664137427
0.00043370162993849697
0.0004941506518257989
0.00046013980492751763
0.00047442726342074846
0.00049016249022042
0.00046234563566171203
0.0004983318953954873
0.0004472193672216768
0.000451895077071504
0.0008060981354644994
0.0004735425239253073
0.0004499367569397628
0.0006474360947955635
0.0004689461418560573
0.0005443974284014435
0.0004439854423676987
0.0004474641589507514
0.0005571626091455396
0.0004531891388300608
0.00047473901834330095
0.0004384383260148194
0.0004566330814136649
0.0004679948898872582
0.0004324016851537368
0.0004640603317637281
0.0005150682209802905
0.000449430062091644
0.00046132012887637564
0.00046261458369026406
0.0003848152461453019
0.00044371784081119643
0.0004686552049952509
0.00048319091619240665
0.0005012006260627924
0.00045140113564733845
0.000447916182453837
0.0004494340781679297
0.0004581660032272339
0.0004515897331899301
0.0005277967893499149
0.000468372061178346
0.00048564944399117325
0.0004266527908992438
0.0004913275269256241
0.0004931342040630214
0.00048111461171316443
0.000541620033303487
0.0007271856001367285
0.0004749880518232073
0.00045048938766462077
0.0004682224859805308
0.0005619718029178628
0.00041627673701350327
0.0004505410113117912
0.000504454337779293
0.0009022284797530055
0.00039821748420309236
0.0004884294524991135
0.0004625742044826012
0.0004359148695022204
0.00046179682990743986
0.0004950990682249671
0.00044809176227239176
0.00045282800545853175
0.0004975643891142942
0.00046260000077063727
0.0004447625171964673
0.0004481839920317033
0.0004467218281836483
0.0005166645028761455
0.0004477468355576463
0.00044395975386910555
0.0004483940073592512
0.00044812454117669
0.00046287524978011084
0.0004486149536268145
0.00045806156308415987
0.00048206225696918183
0.0004468425202764859
0.0004440088145780248
0.0007779383343924761
0.00045431966561052764
0.0004355792689769313
0.0004000694542140751
0.0004598882405085307
0.00045838010938544025
0.0004286177839924707
0.000454612907747732
0.0004940476573881556
0.000475589820391226
0.00043976683913036417
0.0004862784560209785
0.00044182452076277877
0.0004695034545400868
0.000517060909416207
0.0004590505374486431
0.00045968774597151434
0.0004405369619270424
0.0004494393194043959
0.00043170813865332054
0.00044715771011550064
0.0004588689911982109
0.0004922890688810975
0.0004506432881919287
0.0004281454132399677
0.0004715462227236048
0.00044048790763045434
0.000467034044817122
0.0004377591418709985
0.0004443945920365489
0.0005071252234590219
0.00044594517648855505
0.0004481192087086118
0.0004318182138686484
0.000438805404302291
0.00045229706541494706
0.0004457759958309687
0.0004545068841869548
0.0004652140632508293
0.00043563988949733357
0.0004445987241195147
0.0005790945221100176
0.0004435442898371448
0.00046270389305917844
0.0004641811679715739
0.00047495835969428053
0.0006421494834195404
0.00045808687400018144
0.000450618354437863
0.0004772955403667115
0.00044356157288905095
0.000473509750684766
0.0004348247093502995
0.0004427102083961169
0.0005276728495102643
0.00045000323386797043
0.00044246706511991667
0.0004457712049800825
0.0004488404550700608
0.0005096102723423739
0.0006674197738394988
0.00043241876708574535
0.0005011583137315371
0.00044509713182744293
0.0004646164258648512
0.0007951133290436043
0.00043966205367571525
0.0004448701591217542
0.0004695744392199394
0.00044429583139106877
0.0004780595719875308
0.00045159763841297486
0.00048429607979732586
0.0007727914926957112
0.00046863395504266115
0.00044561889166744566
0.0004607870159168573
0.0004453338622077694
0.0004280769280370722
0.00045640014006206517
0.00046561910509459277
0.0005084048760564704
0.0004146796989248062
0.0004510958989461263
0.0005279013776153657
0.0004601834882651606
0.00044520696004231774
0.0004922042430286676
0.00044864979221593193
0.0005783818692088606
0.00044920236440216643
0.00044065212200065414
0.0004326298430159285
0.00045034885406494143
0.00045962183625548035
0.00047081149742750827
0.00044756087800441446
0.0004595134600225198
0.00043649009211146417
0.00044998153303536933
0.00044870453534320425
0.00046065857722645714
0.00044669652481381557
0.00045864871232816485
0.0004583938539205036
0.00045909246672754705
0.0004615799578132893
0.0004530430898158508
0.0004635713370562774
0.0004942563809747771
0.0007072426342096769
0.0004500978002379592
0.00044846347550531597
0.00045821210917304544
0.0004499697661890222
0.000545491094458593
0.0004487020761969036
0.0004480202333070338
0.0007281948880451482
0.00045348503436261453
0.0004916697769573624
0.0007332031712921677
0.00047190804523212224
0.00046594322306438556
0.00043887258385363187
0.00044837299474450047
0.0004435775933168749
0.0004490892361395594
0.0004538314354016585
0.0004500548236618631
0.00046999728093381787
0.0004465072370907705
0.0004759235262756054
0.0004452270957139822
0.0004996762152020457
0.0004362200821201083
0.000449652639811471
0.0004501043608362191
0.00045019895836497035
0.0005188986630558284
0.0003986577249871284
0.00047559330936606603
0.00045759264234137377
0.0004713441076732817
0.0004625781505704493
0.0005005935185762413
0.00045156263784352417
0.0004393804457879835
0.00044298200245717126
0.00044998453196251034
0.00046921272602640696
0.00045341163141290273
0.0004512450962949182
0.0004558715055573661
0.0004487006199123947
0.0004476623122076979
0.0005653555507606083
0.0004433699904527879
0.00046062531045904746
0.00048159238992444124
0.00045811409355885757
0.0004722243279553531
0.0004331208591264916
0.00044458519632571214
0.0004553450923673913
0.0004533001068812698
0.00043104729248004213
0.0004916838760482532
0.0004417507593021836
0.0004832047179729079
0.00046348328267188676
0.0004457700893918747
0.0003974037219021915
0.000449545681476593
0.0004480918946914602
0.0004393650621671553
0.0004498229352611144
0.00040646755167479003
0.0004784668645551128
0.00045546323994027097
0.000638432094781028
0.00044456978931146506
0.00045324444661346236
0.0004857689962474578
0.0004920377630798452
0.0004580791070784404
0.0004522823349445758
0.0004555402115886347
0.0008817556786210569
0.0004079127072417823
0.00047031699687432677
0.00045231201826766105
0.00042707850653220567
0.0004384789683602073
0.00043123364989915613
0.00045497626228470985
0.00046139555634527125
0.0004916625718275706
0.0004578224134660954
0.0004548864274085322
0.0005555407033918565
0.0004501730096038929
0.0004508659794483236
0.0004479237504907556
0.0004415814668396161
0.00045734686817196636
0.000451132400766323
0.0004387731184009162
0.00040256095039470314
0.00042794762332806877
0.00045037696483205664
0.0004997081748061615
0.0004341061675623126
0.0004095727311713355
0.00042984019848621923
0.0004493510234377176
0.00047466097829178413
0.0004527866310072115
0.00045425785912407766
0.0006482534467856371
0.0004670907674686191
0.0004548654488637938
0.0004380993657243051
0.00044504113956890274
0.0004941296198007598
0.00047978258596292233
0.00045809147111736137
0.0004838861170269194
0.0005333069662690688
0.0007008480983720698
0.0004815830928564281
0.0004656151434658701
0.0004905815497106161
0.0004505412097562823
0.0006655140157126211
0.00045301179334703966
0.0004804107252172702
0.0005503913739344457
0.00047601107426605894
0.00046403136552940487
0.0004900689736177532
0.0005105264510842566
0.00044385970831954864
0.0004328056522037672
0.00045082912975347736
0.0004619542095396254
0.000459201110515611
0.00046055837561807355
0.0005459594004081957
0.00046150149152353147
0.0004567214406144547
0.0004736929874551934
0.00044198222361935735
0.0004284831470456617
0.0004594375818172064
0.0004506028560270746
0.0004501052181575181
0.00042463286021321087
0.0004390738041104165
0.0005192711668194465
0.0004455785314139895
0.0004605144160251095
0.0005190341364531766
0.0004545799177936
0.0004490791580597628
0.00047748879157642456
0.00046574916985943495
0.0004559664953709461
0.00044104951493283536
0.0007417264844284577
0.00046693772305445643
0.00044422157753910396
0.0004396655986226141
0.00044315245191929706
0.0004785904230251845
0.0004957002129046445
0.0004929165062215101
0.0004639639645009427
0.00045441806567872125
0.00046584497615820644
0.0005873117310315897
0.00042945417490872467
0.0004331710160129505
0.0004981646517745587
0.0004424539361052109
0.0004494005201646946
0.00046231345978486665
0.0004541372234497837
0.0004668157968561021
0.0006095623491599807
0.0005087047790425363
0.000497229310228351
0.0004375240422965488
0.0004549569884936015
0.00039193825757473735
0.00047686547288878784
0.0004556479794921621
0.000486924551254095
0.00044366170756549755
0.000438867566202015
0.0004663752344095124
0.00045903703037476697
0.0004447786348530633
0.00046227776314601424
0.00045624756793361573
0.00047804779148731297
0.0005810475506668532
0.00046407179738190853
0.0005596093189569167
0.000808886203326677
0.00045868541338253726
0.00047488420076166664
0.0004658835456447586
0.0004438817012505453
0.00045565768990918907
0.0004938482360246724
0.0004486235457176277
0.0004555755386165544
0.0004726064448453942
0.000553607065564851
0.00046158181814614987
0.0004556101871235751
0.00046107781622058695
0.0007033591832571883
0.00045427788959878136
0.00045503545310590177
0.00047152929932531653
0.0005107459218227689
0.00041725476261092584
0.00043568502159180376
0.00045895827038209094
0.0005306493677499799
0.0004612545605336975
0.0004613026976585388
0.0004556884600403422
0.0004644940536763165
0.0005504351801576868
0.00045447243179922315
0.0004477202174175217
0.00046975166801464883
0.0004377394269348242
0.0004474247972934674
0.0004724363883654531
0.0004488902568817139
0.00047139969946955037
0.0004471971299320745
0.00045563859741685873
0.0004640868501039593
0.00047933680127816374
0.00045686917510002285
0.0004925578002808297
0.0004446495128928762
0.0004493340411955066
0.0005037922234762283
0.0008515484932393521
0.00045136316264676973
0.0004418667402894178
0.0004858282170718229
0.00043809296114171445
0.0004175593031902825
0.00044975961957659043
0.0004527195583006561
0.0005384727290899759
0.00044571794862822284
0.0004479594815912254
0.00041724146349625017
0.0004633893577114204
0.00044937289116708226
0.000880890173070571
0.0004282127540313338
0.0004886145132448679
0.0004671072362920674
0.00046572949012058427
0.0005159087013453245
0.00043744067490612685
0.0004546364272440466
0.0007143769520665181
0.000468395580755216
0.0004941387399161372
0.0004551116823223108
0.00045557214756204625
0.0004700400999614171
0.0004472664107270163
0.0004690593527268994
0.0005257379445431309
0.00048655654439247063
0.0009346127233483123
0.00044096372964024725
0.0004539298274802425
0.0005046357343226303
0.0004286016973055779
0.00045610190539955176
0.00047056995234735386
0.00045590249391702506
0.0004913512786290538
0.0004234132678827382
0.0004715329394922381
0.0004625287524030252
0.0004357554903432327
0.00045825479406675187
0.0004494789454803817
0.0004339014900569157
0.00047666512890750894
0.00045395598156761573
0.0004486936726340986
0.0004561827858773674
0.0004348290030137329
0.0004568511855475253
0.0006631281439342426
0.00047694608614437485
0.0004977484770407709
0.0004564586105404566
0.00048201381482347746
0.00043653967705639923
0.00044294675131082356
0.00044989518246383784
0.00045041162140515385
0.0004731610282310186
0.00044633658427112506
0.0004603807023567672
0.000448328620433448
0.000560066337326923
0.00046589452579920236
0.0004451442930035125
0.0004901224110558192
0.00047862914589432267
0.000461107166029865
0.0005096139936432845
0.0005426599738303196
0.0006399248353021588
0.0005448585405399661
0.0004238525046361401
0.00047984138364841724
0.0004915262780972381
0.00043503216715733747
0.00043053078935682864
0.0004727561706406628
0.0004527261924175989
0.000533055550103737
0.0004514988074508146
0.0004487979739528279
0.0008270284630778281
0.00046477285113663384
0.000434544218911065
0.00043493001925159965
0.0004437204296066916
0.00046998156676535596
0.0004804073179490105
0.0004367197571645364
0.0004425910370188125
0.00046461956766307046
0.0004553719367475327
0.000486350655994317
0.0004429059870102826
0.0004950948360647725
0.0006006086100215604
0.0004587212819346416
0.0004575755064788103
0.0004426006432417985
0.0004336349175231174
0.00043312654760342575
0.0004540755473382292
0.0005212931235921566
0.0004555818373269408
0.0004185519889703552
0.000434960550886549
0.00042271132201759465
0.00044192449668262375
0.0004481579173694957
0.00045815101543138193
0.0004306004890602572
0.00044159420342853694
0.0004588544498413175
0.00045401393503382583
0.00044410354757895944
0.00045755104459660446
0.0005490307952731912
0.0004385169272477916
0.0004507683244422885
0.00044979638867564015
0.0004380353509563289
0.00048169820040722057
0.0004957094305792329
0.0004478015059189831
0.0004717423108565044
0.0004442019452308786
0.0004947239002219567
0.0004729221079236637
0.0004701781443797559
0.0004404909204275355
0.00041841184913728093
0.0004379210809781316
0.00041107193242659985
0.00043385433299200876
0.0004135589357957425
0.0004647150954574389
0.0004446802611701079
0.0004617648671495269
0.0004357079169928391
0.00047346902944963654
0.00044390379154012825
0.0004623589021238414
0.00046640283423505667
0.00044791909819799115
0.00045988024928568104
0.0008228616657067966
0.0004385385374945271
0.000502527645318815
0.00044556460195211133
0.0004550800737688097
0.0004505356096767084
0.0004695318061306715
0.000441096129763538
0.0004621718970822616
0.0004590630615202161
0.00043371952703398156
0.0004484125282759408
0.00042914126193925237
0.0004968792932075367
0.0005171599929830971
0.0004581210908976651
0.00045393666132491513
0.00043419251665525126
0.0004553829873358453
0.0004401102839109366
0.0004667886142624157
0.00045486180331435805
0.0005291150038544936
0.0004433815072222454
0.0007456144665609163
0.0004548127649555458
0.00045199690176813925
0.0004422649730817571
0.000461076945066452
0.000505710831125274
0.0004397494700348493
0.0004343006731484057
0.0004534648726191217
0.0004551186281092027
0.00046040944208907553
0.00044686887374645936
0.00046788966952107886
0.000514912638193661
0.0006005918568578259
0.000450951325162208
0.00046368981852675927
0.00045664837174963643
0.00044227072756424895
0.0004383736459659957
0.00046463388499322827
0.00044161915860932086
0.000520393395456594
0.00045789905898451725
0.0004589004059360452
0.0004578163002061158
0.00046084419647091557
0.0004260848420821716
0.000535068168340485
0.0004566097422264542
0.00043138426615466524
0.00045680556885628935
0.0004355142080816326
0.00044424912002802384
0.0004567451217547566
0.0004535140349377101
0.000443783872153448
0.0004888834066319773
0.0004507458921688706
0.0005702963926024357
0.0004892986883638997
0.00046004244985819347
0.0004327929552256335
0.0004511822148542939
0.00047447153845348874
0.00045849715914780993
0.00046545978982438926
0.0004335053049063088
0.00045690201524132987
0.0005626285517657245
0.0004429418899489925
0.00045293393195998215
0.0005034638909242487
0.0004961517050892335
0.00045426387914875206
0.0004939466894752303
0.00046320343465012457
0.0004337508648095
0.0004277032222773336
0.0004551494001943531
0.0004741501282243168
0.000441367138841587
0.0004638753761754972
0.0005305657154564224
0.0004634284973144531
0.0004355855420142472
0.00046357361676689786
0.0004708975533684015
0.0005148832309753337
0.0004701468239590971
0.0004411758892089722
0.0004511075693800027
0.00044763483482583447
0.00044386180684296325
0.00048180956714200657
0.0004478396760320758
0.0004623058848280125
0.00044352229824936
0.00044874699301574784
0.00046375033879044033
0.00045980933788269365
0.0004444812659613773
0.0005221859661172658
0.0004467579233873981
0.0004509120003173226
0.0005709998784764357
0.00048278885038077594
0.0004284944255651022
0.0004527232856575273
0.0004482386542148277
0.00043850590329651436
0.00046095332056381535
0.00047018324361421674
0.00045897482734166226
0.0005184501993889902
0.0004427214995620299
0.00048692746199764723
0.0004403844271620659
0.0004487069131808921
0.00047515467634418496
0.0004946459472800294
0.0004512073936288668
0.0004896373525552539
0.0004354070889012546
0.0004600581410643342
0.000449618103440747
0.0004547877302429555
0.0004513776696354093
0.0004360444959581207
0.00045896760854134667
0.0004285594393025703
0.0004537427664265451
0.0004490804918668683
0.0004427463027875296
0.0004904694711008379
0.00044529980647802197
0.0004701960793475515
0.0004599416785599413
0.00045218407877623803
0.0004471633211976079
0.0004924456840309202
0.00046039033410789573
0.0004644348012314528
0.00046091208938148405
0.00044916169001505926
0.00046315298563085405
0.00044961592299379554
0.00046342874442775967
0.0005333383979699801
0.0005081637217975654
0.0005472267039434206
0.0003847912686146515
0.00045012070664337704
0.00046315901290086363
0.0005646589455331208
0.00044348094206870094
0.0005176693731895233
0.0004557083915618295
0.0004880025395898686
0.00044998373304094586
0.00047738668579740573
0.0005236421118224052
0.0004564992073068752
0.00040224792838021125
0.00044666762593426285
0.0008883804629529149
0.0004581777772167992
0.00045566418015798737
0.00045392387593635406
0.00043507596295714755
0.0004490583496165907
0.0006600429445373689
0.0004416493609810356
0.000449973393566883
0.0005719091532365331
0.00044650270233058387
0.00043450460661595793
0.00044014198706723276
0.00046670418162567253
0.000418479240800146
0.0004769164069852136
0.000441870543086387
0.0005298267317952143
0.0004529119134322042
0.00044240813702344894
0.00043362635958574475
0.0004555951343493515
0.0004498615015021578
0.00045306501245855394
0.0004494756181663442
0.0005197341682605102
0.000467787340849026
0.000458783104051998
0.00043725630302026157
0.00044033286734397365
0.00045348456895995184
0.00044351786596899295
0.0004342602634016062
0.0004594484447989765
0.0004524657600804379
0.0004361804464075825
0.0004993976821262452
0.0004454713006249464
0.0004812165717418876
0.0004354447862248362
0.0004328581229321093
0.0005551416394742879
0.00045416194277638205
0.0004836541458303705
0.0006374402046203613
0.0004789924929502705
0.00045175624172161456
0.00046950476175444135
0.00043898444003016764
0.0005366549901435712
0.0004370344847276268
0.0004674698061802808
0.00047026725174529525
0.0004746757420361261
0.00046049028361609223
0.00045696538497299905
0.0005175133412686805
0.0005552697021591503
0.0004417724621012271
0.00047155509634715754
0.0004832957082954142
0.00044700212949086047
0.0004537806087199029
0.0004518013583482617
0.00048325913293021066
0.0004569791429387553
0.00045023350984889517
0.00044872901104028943
0.0004549722298482753
0.0004666432828614206
0.00045191656813919
0.00043372387747499035
0.0004968805451574862
0.00044688622060681197
0.000454141726306558
0.000445427598008787
0.00044535090567911684
0.00045063861604191285
0.00041057040994608524
0.00043735450290771855
0.0005369916656948872
0.0004645506038849391
0.0004467829766219019
0.00046435023586337385
0.0004467613346225864
0.0004382217917837301
0.00043873706118532766
0.00043245774807689863
0.0005078926780682398
0.0004277450952701226
0.00041239936504443915
0.00043733724566738
0.00045585279612931674
0.000687168027622583
0.0004430359157163705
0.0004412296065851726
0.0004779864580203325
0.0004403786522839152
0.0004436372290628875
0.0004486859199546632
0.00044610825129593503
0.0004576553771101762
0.0004341022570219623
0.0004533909066555902
0.000457849488414006
0.0004546217364065729
0.0004910291760506259
0.00043882609684885393
0.0004448258290988161
0.0005320702784160185
0.000439062300410798
0.0004715266732177554
0.0004432731243681077
0.0004833098215082883
0.0004645403859186313
0.0004528528255111766
0.00044401940979111806
0.0005340053139361953
0.00044159439467485683
0.0004447945075876572
0.00043899623314679753
0.0004495858585792479
0.0004549365287238685
0.00045373385221185816
0.000434291467638659
0.0005467427852983911
0.00039199279216415504
0.0005087108815860972
0.0005001487824008645
0.0004372222033160472
0.0004692686224178847
0.0004526368020293869
0.00048165243408238755
0.0004492326266846273
0.00045088776346545873
0.00046714702686229787
0.00043966597294349205
0.0004621772258190115
0.0006508793575670776
0.00044272427642068194
0.00043346797360160335
0.0004937053419017903
0.00045372269835779297
0.00045818190701876326
0.00047271690506866013
0.0004544181798866422
0.0004619176703929625
0.00045320905607055737
0.00045039627578232313
0.0004576550742794324
0.00045436806653979746
0.0004506619436360947
0.00044689409593867213
0.00045713118890852527
0.00046487081291352636
0.0004743434454438873
0.000453363565720562
0.0004546041455724297
0.0005080591268139094
0.0003730749604345738
0.00047422643367892226
0.00044204087673454417
0.00045829542874605987
0.0004422536136907175
0.0004567201977814508
0.0004450286581753865
0.00044847002149515306
0.0004677086113792262
0.0004587056229222223
0.00043765735626220706
0.00045247907845515106
0.00045318299368636247
0.00045388732987407677
0.0004499429240058194
0.00043186998774862696
0.00045878828793832
0.0004363693021276015
0.0004365873418163521
0.0004430640279196283
0.00044626617296175523
0.0004330788871769469
0.00043931525627681804
0.0004189715288068108
0.0004429621558611085
0.0004621980548242671
0.0004448476221121316
0.00044244814539738274
0.0004801016587477464
0.00044338988880439963
0.0004444467145844368
0.00043763635119497944
0.0004881022342440775
0.00043464611293364563
0.00043057209340668587
0.0004378206964949487
0.00042808609637054235
0.00043730032732463913
0.00044103615463651606
0.0004962129228365696
0.00046898749437225
0.0004602241957877072
0.00043953505295561885
0.00044070922185113703
0.0004489174271378282
0.00043394405300877675
0.0004361284540054646
0.00042669120686108933
0.0004465741999197326
0.00045711041962787254
0.0004416053188579708
0.0004337805732543877
0.0004505682071404798
0.00045282170550489453
0.0004438112013316075
0.00043354399689060733
0.0004357880765451886
0.00042998681283355354
0.0004512428640656265
0.00043817849342129905
0.00042516648769378666
0.0004471948185210623
0.0004358568149189838
0.0004746400509949069
0.0004321440823062296
0.0004668721862116679
0.0004488694443391143
0.00045356611289830255
0.0004396091454324469
0.00045210894067489096
0.0004668806468584261
0.00043606297341846484
0.0004558326392773761
0.0004591027544929517
0.00045128822195227643
0.00043500553477894175
0.00044726452375823704
0.0004380130151109375
0.0004452669253312584
0.00043470306406970076
0.0004458891166435493
0.0004489155080146936
0.00043620795633083644
0.00043511635905363636
0.0004366467984621985
0.00043180041117210914
0.0004333887016655712
0.0004362891982276386
0.00044533059294427253
0.0004385221258677571
0.0004372531924742818
0.00044319575631117185
0.000441989035845844
0.0004382782859094664
0.00047175883596830046
0.00043087106309729636
0.00043418766496487954
0.0004543742214653501
0.00043165644831444675
0.00044284137841992693
0.00044234991073608396
0.00043554010759029355
0.0004468464437188595
0.0004557747589914422
0.0004558268441554005
0.000446103808033434
0.0004217723790124333
0.0004889805315634206
0.0004370754092802733
0.0004332431462598917
0.00043554811864285857
0.00044077499565854065
0.00044469342247198775
0.00045642219745205726
0.0004416928579377768
0.0004344061699838972
0.0004321223702924005
0.00043311562663968304
0.0004481165414220935
0.00043284639740195436
0.0004378932458098217
0.00044085667506140575
0.00043309288685611187
0.000400767842096727
0.00043953382789832843
0.00043170982647197816
0.00043592179575405957
0.00044073209956679426
0.00044220714676303577
0.00045518670380593877
0.00043413897249150403
0.0004703600670423564
0.0004999248199483268
0.00044438992346026844
0.00044086022081853485
0.00044531567891438803
0.0004291503287073391
0.0004413481970448156
0.00044812857152554933
0.0004326204406003358
0.0004565623529413913
0.0004740797224861076
0.00043104809098238646
0.0004354985040106548
0.0004915689333735505
0.0004493214723602214
0.00044102623884902906
0.00045919108782486746
0.0004337349811852989
0.0004404519145737381
0.0004221384802823344
0.00043922054395670616
0.0004234099110891653
0.0004303599247778778
0.000431889622868555
0.0004541029716230005
0.00043859832648989524
0.0004373310299754206
0.0004345729742964653
0.00047252346428524136
0.0006640355210555227
0.00047864893873637127
0.00045493173047696505
0.0005658489431259949
0.0005061763237003519
0.0007629729631378895
0.001066395924949446
0.0005346782618814198
0.000627457314567246
0.0007220730536767111
0.0005092378374169634
0.00043916337344111224
0.00046912842589940984
0.0010612405723635589
0.0004485157652210168
0.00046000798128292397
0.00045445928493969623
0.0008849752838560611
0.0009206561711582824
0.0005514609621116555
0.0003939676098525524
0.0004559161140545155
0.0004604380349090767
0.0008996589941341184
0.00043961455321361517
0.0007226603062121899
0.0004624971038703483
0.00045623368529006494
0.0010917302360178524
0.0005233039999329531
0.0004530563873330546
0.0004578742074694799
0.000878854166893732
0.0004312546217435392
0.0004594856112301658
0.000491426711858705
0.0010895092378963122
0.0004673166009157542
0.0005120168160358819
0.0004680483780182656
0.0007485449314117432
0.00045173620207293754
0.0008382608789862368
0.0004444020774888428
0.0004734141529832848
0.0004478433138300643
0.0005318126722573008
0.0008854169874970094
0.0006866081172191142
0.0004611728495974122
0.0005069421499203414
0.0006112070770400539
0.000454039816729358
0.0007285680211756209
0.0007373404173426399
0.00044207380860662824
0.0005650210417121466
0.0004866270307502883
0.0007810795696811851
0.00044196582436865846
0.0005837479112099629
0.0008035652008912564
0.0007482401943109572
0.00043634835761600287
0.0004458049589164874
0.0009912313699115627
0.0004920658114482767
0.000508285865725511
0.0008335642334891529
0.00045859359617218744
0.0005057312510340346
0.0006677509866227721
0.0005626452380213244
0.0006213988438512973
0.0006074644813904767
0.0005063213577753381
0.0004695595698318018
0.0007370608770672456
0.0008494869341623675
0.0005229217889273992
0.00047740614173388243
0.0006476362987578006
0.000693915079147616
0.0007623899962886439
0.0005337701088959171
0.0006297609367658869
0.0005066337782330623
0.0004518706713361121
0.0005423365164570645
0.0008299008214096139
0.0004918204180559321
0.0004810378636504345
0.0005023171863402708
0.0008603734283428125
0.00046681583585327823
0.0003995749287139204
0.00046843735273472054
0.0005514606214130766
0.0007642251593214613
0.00048589420175480807
0.00046837300062179565
0.0005066329869313696
0.0004521672661368782
0.00045209337459227114
0.0005898850109286889
0.0006066883591345124
0.0004487391839830849
0.0005927279509889824
0.0008482491352643625
0.0004834130725319437
0.0007782186441753635
0.0005973469315922005
0.000838445592116172
0.0005853626186789651
0.0008423694787693119
0.000464833551837552
0.0004732885826674719
0.00040432138495003167
0.000608547709741961
0.0007278194162974327
0.0006086718918073296
0.000460497375056037
0.0004609630735172834
0.0004357394168003325
0.00044823305408945197
0.0004191884582425341
0.0007720761155564364
0.0004855204698894785
0.00046406398275665044
0.000741514212512923
0.0010781693341109554
0.0004887338461751483
0.0004926701112994997
0.0008652034324199416
0.000768414113373883
0.0005290622500295428
0.0004608367655740974
0.0005370594147788466
0.0004533406153277396
0.00045386168698343125
0.0004965831251705394
0.0005238283095203271
0.0008677663053518178
0.0004309921712777338
0.00043144256401435267
0.00045400653899736103
0.0005059070659406257
0.0005354812276846732
0.0007052599394228309
0.0004746378660783819
0.0004888782268617211
0.0008525875706256511
0.00044524965927614804
0.00045279982144578285
0.0006698044098572698
0.0006633375973016967
0.0007246379896360612
0.00046601032364640817
0.00043649628280550674
0.000517474933409355
0.000494542428590719
0.0009497472350311649
0.000657492130272141
0.0005406307122456582
0.00045327645863673483
0.0004375246477473446
0.0006471303979517298
0.0004564135848581935
0.000647074162844763
0.0004664899762440788
0.0007909678030705106
0.0005189002222165228
0.0004143689877738364
0.00045534184861171665
0.000479824029146303
0.0008797676879239369
0.0005081430623067368
0.0007392402216397516
0.00046309384161515
0.0009178654284016222
0.0005451259704736563
0.0008958074864374222
0.00045701506387488874
0.0004515758913638096
0.0004882746145501018
0.0005422167069048618
0.0005417656178442424
0.0006158200815984034
0.0005475740836954665
0.0004608774938441852
0.00045389039664747613
0.0008236013320802446
0.00047304767609554314
0.0005955275769331668
0.00045658040297179417
0.0004523329347869946
0.0008885617872685877
0.0005969875587641654
0.0004700213187756825
0.00047603208374670427
0.0005974999212083362
0.000891581028770799
0.0004707846496356997
0.000657457257813632
0.00046429859594700456
0.0008935589688407554
0.0004892734154450362
0.00050494885297539
0.0008234829276064994
0.0004556417295637714
0.0004651617947347921
0.0004062006565023519
0.0005853321741927754
0.0008478758180530727
0.0007843273703287318
0.0007239672872755262
0.00045877692266763494
0.0006027662309206033
0.00047687410858017416
0.00046584025594973235
0.0005108295746569364
0.0005122691266438916
0.0006903179067131711
0.0006148923807867394
0.0007304640981437122
0.00046140174304737765
0.0005063291495404822
0.0007458272594546958
0.0009350123766221497
0.0006094808699436286
0.00046874945152533445
0.000916965015613658
0.0006449494867342722
0.0006134897065285612
0.000458037423104355
0.0008120127528277717
0.0008306988839353068
0.0004730498227327853
0.0007095511713465091
0.0005592097462533288
0.0009144837332663136
0.0007356871850353599
0.0009465020577780673
0.00046921991823546194
0.0007812379956690233
0.0005061169882198592
0.0005136320275451575
0.0009278926562863169
0.0005763072374812717
0.0007208858106567894
0.0004619485278462255
0.0007854665173646296
0.0004623052577546981
0.0007675246919967715
0.0005427025320802227
0.0006917354125711038
0.0008895939876064521
0.0009375192746554584
0.0004381766686072716
0.0008201551912227346
0.0007990255675933979
0.0004674649690930792
0.0004653645046985778
0.0007211127823500296
0.0004568095293150812
0.00048075132502143985
0.0008780080911085106
0.0005783718689609135
0.0004981807072224212
0.0005570101595078817
0.0007429438252602855
0.000473047170371078
0.00047333316249742035
0.0006725796071055624
0.00046612929617908974
0.0007728991563292755
0.000454020850798663
0.0006262573781887434
0.0005115170452548781
0.000704581965104655
0.0008606613502589934
0.00046356185648978055
0.0004625318249248781
0.000996512636044022
0.0005365324926463675
0.0005240320068202247
0.0009330498277868356
0.00046845056392528394
0.0006217388555380283
0.0007932170061500936
0.0010453588614180752
0.00043412312586413077
0.0004631197147995886
0.0008390882055453932
0.00046271944219890027
0.0004682447752811371
0.0009256950655921561
0.0004939330834174731
0.0005019162870516443
0.0005026909642568661
0.0006071780757470565
0.0004601810586176261
0.000480367853682654
0.00046265528410930175
0.0006158808127938078
0.0005244391845737725
0.0007017133782802661
0.0005033202013604286
0.0004620741026988928
0.000606120172373684
0.0005311247719898484
0.00046157901613812593
0.0004973828145867015
0.0010455643435813052
0.0009020431524154401
0.0006047960597828333
0.0004936194968567858
0.0004613092744678434
0.00042999776985539953
0.0008316999246752868
0.0004794055008673453
0.0005219522385595082
0.0005361463281080382
0.000514882028076062
0.0007674318852184487
0.0004890178562550063
0.0004767921467889887
0.0005960488030339872
0.00046931102845142305
0.0008210224279538031
0.000743916938123147
0.0004662666711931216
0.0004700642065762619
0.0004737442563693725
0.0006042050536231688
0.0006940738733449505
0.000494900297820035
0.0008216485627591742
0.0004775137428304146
0.0006949988099388269
0.0009155612172824996
0.0005014920702793406
0.000518000758619419
0.0007539811115205368
0.0004666186271504285
0.0008898537780234968
0.0004670106451742796
0.0005380420033327993
0.0004772595080192403
0.0010554713638902717
0.00048273611068725585
0.0009687418198384269
0.0005355021034633711
0.0009749798419154913
0.000781889631352598
0.000851093163247119
0.00044700672440495053
0.0005474135735207128
0.00048544226862668355
0.00047667045517271734
0.0006892068196186977
0.0004667232965589993
0.00046747991408424815
0.0005029267933955511
0.0008374854606368938
0.0007305810256772747
0.0005369640669776398
0.0008089526613535837
0.0005723355203288783
0.00040892763461453004
0.0009267884204041065
0.0005229722555908848
0.0006843281673713469
0.0004695901459552515
0.0004650427777198919
0.0005438207270024897
0.0004918011190183133
0.0006828263866623923
0.0005738857391112933
0.0006066966391593126
0.0009336708146229125
0.0010461519549468902
0.0007626092768258739
0.0005554744563393044
0.0005647924756419221
0.0006712701179788201
0.0008281006274886645
0.00047448583706320767
0.0009285380633977744
0.00044842626185019293
0.0004626443032093964
0.000565858321229426
0.0004714087926072392
0.0006136080868317994
0.0004746546772322451
0.0008601019325339457
0.0004671016117421592
0.0005170309289310308
0.00047179338099958586
0.0009530239802124502
0.0005946939924488897
0.0005809612918656476
0.0004857430294427946
0.0004910364184129046
0.0004094881522986624
0.0008209541407686511
0.0005308135322974437
0.0005466168351539245
0.00047462933294901196
0.0007618478285176973
0.0009612142265617073
0.0004944656381148995
0.0007928981603635636
0.0004989895478399914
0.0004675718299664602
0.000807000648383188
0.0004956337248517236
0.0007681385628046226
0.0007242007025158333
0.0004640577064602989
0.00094659554547277
0.0007449607816249941
0.0008743427417896412
0.0004297279357089085
0.000556232135185071
0.00042947105182114466
0.0005966851604671593
0.0006457155591999967
0.0006554875125999713
0.000763372834427974
0.000463489401493973
0.0006089026914651381
0.00048466734779842107
0.0007472128455239307
0.0004624617896533564
0.0009207989725362054
0.0007577155499833904
0.0004708228786633369
0.0007725224421511764
0.0004641186635480981
0.0005533247421949338
0.0009286116453787548
0.0007878229416505992
0.0005608452114344559
0.000473185763424167
0.0004943865957036456
0.0006651445422940852
0.0004275046260396521
0.00044189106666655924
0.0009324651872822456
0.0007598484069743054
0.0004749224318792748
0.0010651693913806865
0.0004774622090360331
0.00047863737546293637
0.0004427985780558009
0.00045957549116202646
0.0007843367619488166
0.0008336835184574532
0.0005755506869643965
0.0009575814008712768
0.0004308030596227779
0.0005462799255975114
0.0009868298351789903
0.0005411258102875272
0.00047819291814437125
0.0008929050381870866
0.00048739405488182233
0.00045465788728482013
0.0007745886010024658
0.0004671366405889455
0.0005146197405911255
0.0010043893505710774
0.0004806095570187703
0.00043213472912667075
0.0005570294229607833
0.0008531016633165405
0.0007609741799110216
0.0004907687037205676
0.0004805641897890236
0.000500992190938036
0.0009167864011246234
0.0005766702589119912
0.0008342457678054893
0.0004991014931825983
0.0005495777919857257
0.00047085238722124125
0.000816061824347916
0.0009598925435163667
0.0005268699556975846
0.0005474361166295646
0.0008854056092696626
0.0004925250159856867
0.00048202266266691697
0.0005912020640664033
0.0005433092286541964
0.0004650576037039144
0.00047701475368622297
0.000477294408847532
0.00047697815710229143
0.000531736488143603
0.00046671231256728866
0.0004767033083055736
0.0009612110670139727
0.00047591440193665006
0.0005450965461017189
0.0004755478547398289
0.0004234940222204103
0.0008945685634977398
0.000504730399984104
0.000516227172123446
0.0010136853901986905
0.0005303766102735478
0.0007511557655318663
0.0005170045159726273
0.0005427516518665891
0.0004968050595940344
0.000613798545715875
0.0004793088282308271
0.0007232529607475568
0.0005348662206949282
0.0005515607513213443
0.0007716332163129534
0.0006955018035646219
0.0006775725940273146
0.001189640404022846
0.0005591193556490754
0.0010241099625985515
0.0005745991843536226
0.0008096412505176932
0.00047597289085388184
0.0005585055741592967
0.0007505063457708609
0.0007970910772001406
0.001012375977750479
0.0007863767582777834
0.0004817852001080568
0.0005007813492416113
0.0011042088539117275
0.00048169702621403654
0.00045849290050444056
0.00042520610585851485
0.00047439854229014005
0.0004786096583415971
0.0004390727137192572
0.0010118381377378124
0.00044054779866047793
0.00048193831223588017
0.0004902055937480303
0.0008799459993620219
0.0009005947259007668
0.0005630277848058893
0.0009410555609676616
0.0008248765032193245
0.0005883081180833663
0.0006258245883794034
0.00048138332289282586
0.00048154369330183003
0.0004794987796088173
0.000706811729801918
0.000477883946604845
0.00042112047524047255
0.0004815763084991108
0.0005105854871550856
0.0005000289771463964
0.000478322123900872
0.0004992238023081932
0.0004887223292034939
0.000473984684704575
0.0007297269677092257
0.00048781442738737656
0.0005679669914724179
0.0005555263807858464
0.0008443225938879523
0.0005318842641557525
0.0005802256651598998
0.0004224141214121139
0.0005436077876393238
0.0005523764480978756
0.0006506748139834202
0.0009222835062011596
0.0005188598021630653
0.0006725767944053139
0.0009447305230330038
0.0005481104200013018
0.0008701625244478344
0.0009237656359315782
0.0009214213731349305
0.0006665310963173772
0.0005383769064459182
0.00046411338580181323
0.0005928334678717284
0.0007546858123561927
0.0005806712706405572
0.0005444523900054222
0.0010782181858299729
0.000632714695082261
0.00048249274862256585
0.0006242137703540518
0.0004980090428658036
0.0009067054748535156
0.0007036640519192104
0.000560265150573328
0.00048398330980332146
0.0004452219167456459
0.0010946999053041378
0.0005636690905449967
0.0005436552250865545
0.0006166762142090136
0.00090275330104501
0.000505100232196519
0.0007621648538544662
0.0004719227647325795
0.0004866812459700524
0.0009538448795782923
0.0006568243204954842
0.0004901600755834049
0.0009588150690129508
0.0006677565875746504
0.0008066298707035998
0.0009218951539387778
0.00047537264772844147
0.0005255968300337644
0.000984371180955824
0.0004950770060347302
0.0007358053415128501
0.0004583070038427744
0.0008085144806813948
0.0007101567579975612
0.0006687420542978307
0.00048175635545150093
0.001290213491830935
0.000493836864287631
0.0009649958810079629
0.0004852295345270267
0.00047543516760982236
0.0005548651145083671
0.00048114246019567144
0.0008064438453145249
0.0004822423534160432
0.0007907356098880917
0.0009613059393677455
0.0006465230233832478
0.0005190727329141645
0.0005563195302801312
0.00048057056363298755
0.0007862615613420461
0.0005531870106598607
0.0006209051169256214
0.00047866261767705033
0.0004848990720861098
0.00048362781187451524
0.0006228442242526709
0.0005161864263517363
0.000512900885512517
0.0005749407579754196
0.0004971724160960022
0.000517959724332282
0.0006806738354248215
0.0004984598552961748
0.0004266816424205899
0.0005205763312626146
0.0008651452498171686
0.0005934769829129781
0.0004757806170563244
0.0008347562879149677
0.0005373863252177429
0.00046633842811539893
0.0005221015474877996
0.0006560876982923888
0.0004891821382574533
0.0002616532856923789
0.0008567589020840303
0.0005571321898103455
0.0008685749542277825
0.0008232260444789257
0.0006188341873402921
0.0005249891070187162
0.0005594363871057243
0.00047540299510623004
0.0005386200986167258
0.0005241968704720239
0.0005496435623405332
0.0004811035862183137
0.0004191531946784572
0.0009080449893811224
0.0004944731492177517
0.0004957088135732939
0.0005104752283376372
0.0005492084318258993
0.0004636809172317328
0.0008401159888664667
0.0005469785336359048
0.0007600097457644473
0.0008713779489903976
0.0004884280451001
0.0007544846628406566
0.0005120373157799405
0.0007019878535017406
0.0009946506864614512
0.0007467522758703966
0.000757323302291348
0.00048227284066407704
0.0007796788325549729
0.0007764936271717289
0.0009034240314461677
0.0005044516516207551
0.00047648419444936877
0.0005677749225698366
0.000486724035819402
0.0004945126073113803
0.000498251068505324
0.0006002194346549136
0.0005601889732191492
0.0004995199634359371
0.0005117242240541067
0.00075341104914289
0.0006647420876983653
0.0008872946179304713
0.0005147200861519737
0.000733936924970787
0.0007020038350398919
0.000481588594064196
0.0005343169417037703
0.00048031349007676287
0.0004815429732913063
0.0007502785958321333
0.0005378090341507731
0.000674601355099787
0.0009549140884831814
0.0007623108847512946
0.0005950854786083029
0.001034690933386968
0.0005318754714476125
0.0007690989844438789
0.0004909515607062961
0.0005029135345508188
0.0005566629217029929
0.0006466723238545173
0.000589432748893573
0.0005704376282113971
0.00048521453347543747
0.000494432530558353
0.0005506224989485118
0.0006139862961199209
0.0004889041579738682
0.0009769873013572086
0.0005023418213224969
0.0008613858878432443
0.0007432515146868235
0.0009120687898599877
0.0004834726998060436
0.00047170893369217267
0.0009039357568558953
0.0008705747738401964
0.0009276809216443653
0.0005675163120031357
0.000487596234029785
0.0008702973300483193
0.000540449638122811
0.0004829306351511102
0.0009584343554336564
0.0004965356648371328
0.0004345297231470066
0.0008084488971097333
0.0006128668337780808
0.0004879024050241114
0.000826615226997344
0.0005934292498020932
0.0006242043608447147
0.0007695511039276695
0.0005553574072917451
0.0005190629222078952
0.0010261107953888978
0.00046350453090739053
0.0006937871469515506
0.0004833198983573058
0.0005707971899198604
0.0005462504394736372
0.0004905212855508142
0.0005417616732084928
0.0005297806671153961
0.0004607535493098294
0.00041899963674641257
0.0009394212113762754
0.0005433172265022605
0.0005452842385752913
0.0004838326405893261
0.0006898042213703905
0.00047516284178694457
0.0004763296324081137
0.0004653375372927413
0.0004303207147705962
0.0004642534955389828
0.0006472701351998378
0.0005620146063130508
0.0007885193081920861
0.0005059055058568064
0.0005411180281656773
0.0004825855061141329
0.000495735693860937
0.00048403563829582294
0.000562274681030601
0.0009688450767073946
0.0009179809654252769
0.0008728199216662846
0.0005904751535882266
0.0004909526037914444
0.0008609586751619505
0.0005070241274715745
0.0007990135917804338
0.0009034157502875474
0.0004885210312221606
0.0006890104039322614
0.0004898053192442274
0.0008555788361565184
0.0006960721052799028
0.0005029491260291287
0.00045966071359720013
0.0007606924303580225
0.0009053130579345367
0.0004898819008630586
0.0004890867010098358
0.0004881124176000174
0.001044023995357463
0.000952475530291916
0.0008974309275452914
0.0006097886516010101
0.0004765360323914335
0.0004562449656200304
0.00048744490731766806
0.0008569126686129715
0.0005727719466473313
0.0010358501693245434
0.0010282210651417238
0.000501968960875349
0.0006784418957275257
0.0005132062922092002
0.0004979947825432521
0.0010760227621537397
0.001123601568006251
0.0006135960688168269
0.0006744168389026133
0.0005914337479455429
0.0005624221730162729
0.0008239130504795763
0.0004535707043455364
0.0007708118228336052
0.0008988044667972748
0.0009876833303749193
0.0005036149241707541
0.0007176387964357509
0.001128137761423754
0.0004948700206131662
0.0004930621311988359
0.0009003202841632379
0.0005042556192082487
0.0010136801304919244
0.0005381437986981099
0.0005018403669248763
0.0009394403169120568
0.0005977488393068572
0.0005233199332262794
0.0004987531583291053
0.0008511768839983795
0.0004682663767505942
0.0006295865373342519
0.0005928391922584371
0.00046434699197035994
0.0005120593057551854
0.0005682527373413747
0.000431824251014547
0.0006312187142874428
0.0005685439016945388
0.0004870710006788126
0.0005237647434612652
0.0008512827908614871
0.0008184298964168341
0.0004902240438715343
0.0007567543398351625
0.0004945681249495034
0.0008510433697349003
0.0004811257573874369
0.0005743820119837913
0.0004853411823853679
0.0004375743908770851
0.0009532927910543909
0.000518382985745017
0.0005084769626601013
0.0006591423133147066
0.0011054411156630431
0.0005455945649483604
0.0004884316706042577
0.001144417886703278
0.0005333249536512917
0.00048503862937149294
0.000902306922686117
0.00048317323636275596
0.0005927020264489894
0.0008826932339806265
0.0004438827931880951
0.000587968198966231
0.0005619934122533478
0.0005830374097466852
0.0005012708961878625
0.00046751656421790575
0.0005332303743913016
0.0007238989628885919
0.0009267948079652597
0.0008214279908478663
0.0008322525915301991
0.0005078644185929653
0.0010768344061473016
0.0004950409845826129
0.000598732448251178
0.0004897913966678599
0.0005024647213179957
0.0010649954168179545
0.0004933301525982328
0.0004963487037829195
0.00044715467919694614
0.0010200965197447215
0.0004829857089179868
0.0007806859284987739
0.0004797629357735091
0.0005012540690666806
0.0005972586408710952
0.0005603192297021619
0.0005862496403352881
0.0009653467346560874
0.0004821581680446126
0.0010768679796028205
0.000651833133003806
0.0005106045885890606
0.0004931250212473523
0.0005658211321216832
0.0009848458852687238
0.0005330752645700298
0.0008282895194047602
0.0005048519501009219
0.0008405873683136954
0.0009119155666266726
0.0008610196301502547
0.0005493949426549696
0.0009399224937213623
0.0010595649952209688
0.0005114985576248973
0.0008904492809012935
0.0005142826252104192
0.00048732663422728804
0.0006320225774196157
0.001037062782440132
0.0009494933807833165
0.00043160717737202557
0.0004925388887200893
0.0007593068266499481
0.0007941273121940656
0.000989952056525594
0.00047684798213966747
0.000563604237942397
0.000572845214730376
0.0005018019626208095
0.0005026170834222096
0.0008636233775798066
0.0004956121218271096
0.00045184078016830367
0.00048631508701428285
0.0007740615925225057
0.0008804123105696887
0.0005654547845249436
0.0005552055528354977
0.0005369657259376072
0.0005104345033427799
0.0008161899481672798
0.000477248749636741
0.0005010626419730808
0.0004950229166611843
0.0006630266752763469
0.0005070779827255768
0.0008190907550876692
0.0005613318747944302
0.000494397108606976
0.0008691691384391599
0.0004422098987432474
0.0005719290940341606
0.0005201971510254118
0.0004891300895357826
0.000671615722809525
0.0009112062133910583
0.0005807611677381727
0.0004738382814664742
0.0010463117481061472
0.0006219763025373509
0.0004959940663102668
0.0004944227733691148
0.0004846255190425998
0.0005298995963447002
0.0004903719184066989
0.0009003092372228229
0.0004952348647918649
0.0008332310051753604
0.0004972747505553547
0.0007377583597710344
0.0004886130690369326
0.0005083180779267934
0.0005685014486723225
0.0005685644607583327
0.0004885784530705261
0.0005138267390173764
0.000903804550551188
0.0007128307090182484
0.0005601765322382202
0.0009679323533079126
0.0005103091051027696
0.0005603006381896889
0.0007478768584249768
0.0006526337606916703
0.0004886337899164587
0.0006026332512385556
0.0010604117781628317
0.0006460926916501293
0.0005195816262704548
0.0010263265851913129
0.0005424369127832779
0.001008956462511775
0.0004951391057071523
0.0004899312353101562
0.0005635785535207005
0.0005746065674583768
0.0008400905738718561
0.0005589117776004934
0.0006159529145851512
0.0005139287098693327
0.001167656596593795
0.0009358822893104995
0.00048623342936449196
0.0004924664258632088
0.0004913105946801576
0.0005051747644085556
0.0009749596035370984
0.0006338042466818881
0.0004958441897096864
0.0005943484447344398
0.0004935682609783644
0.0007682630954229313
0.0005559024665068284
0.0006060877464615561
0.0004969668420727552
0.0005051108479014569
0.0004955550580559928
0.0009648001598099531
0.0006311509173750998
0.000563284831479959
0.0008959985570587872
0.001173869431139895
0.0011058292614828714
0.0006022943292160964
0.0009630350877918583
0.00046159739104213547
0.000832363676082125
0.0005414648837334401
0.0005954594396329015
0.0008891425086065856
0.0007835139586158672
0.0005482095576490951
0.0005853977613465178
0.0006681960616172846
0.0005579032116881275
0.0004924554628824609
0.0005519170076929788
0.0006986597973088223
0.000502665670421219
0.0007916681498569884
0.0004932448754116536
0.0010226893000099269
0.0008748453204371348
0.0005077852276704645
0.000740701294521938
0.0004990042016520607
0.0005050620283605109
0.0005972506215908384
0.0008235210062312984
0.0005108624556814561
0.0005595415700732802
0.000884087311838012
0.0009362293447881089
0.0005460626633472277
0.0006133500931851234
0.0005308139715169168
0.0005578035572852207
0.0004995079343534234
0.0009818069514762754
0.0006249145788942429
0.0007076658933329175
0.0006689705606612191
0.0005697635457989369
0.0005727453488055791
0.0005705425410736868
0.0006452885924219051
0.0005337950506779542
0.0005845677653948466
0.0010260658556522826
0.0005852642415127382
0.001020921197606054
0.000880107839161483
0.0005014845416470494
0.0005079600030552603
0.0009234447117695429
0.0005100861667318548
0.0005035110389960489
0.0008222558965714666
0.0005013699826114165
0.0005660791044057919
0.0005740661024453827
0.0005542799860100598
0.0007475739094748425
0.0010098945003605647
0.0004912427137891385
0.0008260170460695301
0.0004985754795523028
0.0007068115551740128
0.0006719296320271547
0.0006891305796915455
0.000682197301702471
0.0007424957301250841
0.0005295863624446649
0.0004808173735883956
0.00043978088950417715
0.0005099531484563569
0.0008106993818172884
0.0004970210023445658
0.0005757356390076791
0.0006254487978122479
0.0004759796216784237
0.0004900163070261282
0.0005227735054355476
0.0008982086213052822
0.0008685153920987267
0.0005584916368450595
0.0004926852075313808
0.0005063697303596295
0.0009688817525686146
0.0005139919349349384
0.0008814369930940516
0.0005722516430505158
0.0005553254353001787
0.0005618182945940264
0.0009640285254385497
0.0005069909485306326
0.0005744434294445704
0.0005064366880010386
0.0007641470381487631
0.0008897387458018831
0.0005053345820492227
0.0004975654053079122
0.0005905851599822848
0.000771015784971377
0.0005376107715335905
0.0007055666495024418
0.0005341885954229299
0.0009473568473766052
0.0005602889184038921
0.0006454612677740475
0.0005827823029286792
0.0005222286241172811
0.000511007830135974
0.0007964953128916721
0.0006058347858743634
0.000655855201524737
0.001014345940645528
0.0005804500673026915
0.0005467175583387578
0.000741736691755553
0.0007733237537777544
0.0005586942489378315
0.000955121303961529
0.0004997480520191366
0.0008285046011199803
0.0007455594900600937
0.0004948598876251885
0.0004976369924359508
0.0005900604080279436
0.0006610561623966284
0.00045181389872686763
0.0006975852213944907
0.0005051036901180323
0.0008070398790837879
0.0005487306318045203
0.0009951625849298862
0.0008710841987464141
0.0008846522534935221
0.0004987542739542353
0.0005709718994767361
0.001155216794857268
0.000577419553176002
0.0005187111062649186
0.0005221513391157145
0.0004641403103398245
0.0007118227945134438
0.000517139957196561
0.0005358385078368649
0.0004938655766853399
0.0008201166209215352
0.0009884013116955182
0.0004913138859358031
0.0005049972526501151
0.0005197579332573984
0.0005059727603383183
0.0009454168868341041
0.0004905750798274175
0.0005133181331242012
0.0005165778031038035
0.0006655122902828501
0.0005773277555368279
0.0008285037201799946
0.000500164751447797
0.0006871216945990978
0.0005708702068738842
0.001020408292241858
0.0006085649710811457
0.000608278791873883
0.0009430898225143223
0.0004982005167587837
0.00093841682517143
0.0005122417448119531
0.0008393328857421874
0.0005300702838202127
0.0007978604744904179
0.0005566530177355423
0.0007396938702518394
0.00048767930021682105
0.000614252497083042
0.00048796362499319885
0.000587416825262533
0.0005659043560685363
0.0006147185010773143
0.000498741370986919
0.0005748926320196072
0.0005718536100393651
0.0006389086813864415
0.0005551853567172008
0.0009212120062832011
0.0005985638808475642
0.000984571824360531
0.000946675093119381
0.0006376246579690275
0.0005283302474158324
0.0005131168216987757
0.000541052339643505
0.0005077827767971471
0.0005517502815004379
0.0005737376455199866
0.0005112722100037608
0.0005360481627888049
0.0005549907344160158
0.0008639159179905137
0.0004950553669826763
0.0009110114564614693
0.0005166549294564149
0.00045083347624259195
0.0005203533587576467
0.000564324878431958
0.0006372781775557188
0.0008308347402929015
0.00047495723825640384
0.000628884953533492
0.0005116005788780207
0.0005561057648750597
0.000505913237128595
0.0006891166648491582
0.0004861398074153094
0.0005253321813958107
0.0005640600999396806
0.0005130952478319247
0.0008445973469915071
0.0004986182723458357
0.0005571265102033351
0.0004926291996478884
0.000833065555559306
0.0005171830716392611
0.0004774687050273583
0.0005676799958249151
0.0005069411003237473
0.0005097812801796125
0.0008658394966293221
0.0006117175662161979
0.0005099844685606588
0.0006244650895519993
0.0004977020370765792
0.000549713153755377
0.000761421440537073
0.0008347344899095364
0.0005053218668863588
0.000544758750994378
0.0005043377783720988
0.0007992398944072694
0.0010468486104351707
0.0005017929350095576
0.0005119031596884569
0.0005699387003608553
0.00096994424238801
0.0004979991905393543
0.0009347582555874522
0.0008645969891674697
0.00045949522029148056
0.0005129843159882401
0.0005348996675839963
0.000627214956179489
0.0004999159168721434
0.0005054359459810147
0.0007189183220313717
0.0006367089554588582
0.0005010085860046919
0.0005089131575524157
0.0005034687694141267
0.0005081554964578726
0.0008095556230687383
0.0005031416866028572
0.0004974571053769886
0.0005613890039361609
0.0005119131403680174
0.0004994364045340612
0.0004951216507076404
0.0005798549190501119
0.0004950392778694777
0.0007413607419923295
0.0005141400766165746
0.0006015614751030278
0.0005460780349362739
0.0005138232154940702
0.0009508257864429485
0.000493178700411958
0.0004971470905117469
0.000591119744996703
0.0004870552447524864
0.0004963862103693636
0.0009820804055158524
0.0006664210092074936
0.0007117489482827802
0.0007545278557438511
0.0005125885392412727
0.0006508521554058843
0.0005720783206579643
0.0005265991701743061
0.0007220875797965523
0.0009559024280318861
0.0007890076344937214
0.0004965935555244542
0.0005147487952791411
0.0005292737619735234
0.0005517306327819825
0.0010062684942413866
0.00048039012289575106
0.00048608300578143463
0.0007667934960504214
0.0005603818849484491
0.0008591753991288694
0.0011099597080594967
0.0005113355143074611
0.000565377160353542
0.0005003453215207059
0.0008850701927809728
0.0005146625727542992
0.0007419163304678764
0.0005026545704287641
0.0004504780674418848
0.0007610990821548714
0.0005695268689655623
0.0007056619246995289
0.000592214374157149
0.0005634898986291448
0.0006697611574075595
0.0005467062255864038
0.0004942451745699641
0.0005935215338309072
0.0009929972204543252
0.0009230890553512853
0.0010009789597817155
0.000539589702828473
0.0005040540132409154
0.0005138666346305754
0.0005002576416129566
0.0008617961537467497
0.00048464523957990633
0.0006130652073385074
0.0009707041527038296
0.0005174711283139898
0.0005162013385808682
0.0004999108086827318
0.0005013775267329902
0.0006416639296117162
0.0005084076611621153
0.0005861113384311718
0.0006861307683991619
0.0005798888843422886
0.0005049071652031813
0.0005241376393049666
0.0007816137311528732
0.0005379524499882778
0.000596651220798637
0.0004974750858364683
0.000566175185489279
0.0004959576856288528
0.0008596407439612707
0.0004634746772036425
0.0006557249265431276
0.0005069755815550982
0.0006151368584126765
0.0008691834170988422
0.0005848383788220938
0.0005720257218870871
0.0010254963291839903
0.0005393770257919883
0.0005682142091020515
0.0005211237869711619
0.0006196929139069662
0.0009673795920085562
0.000813717201671077
0.0005563559159950868
0.000584304063353922
0.0005046146461762577
0.0005042946184302482
0.0005383067896106313
0.0005037838746150358
0.0006307791716785638
0.0004907838742535813
0.00045952494791022855
0.0008116933294054908
0.00048375935651935066
0.00046298875576671305
0.0005450299552253058
0.0007719351020670982
0.0011269987380805135
0.0009252230505166453
0.0005093464146278257
0.0005643408873985553
0.0004380941390991211
0.0008080182298415072
0.0005073221126954094
0.0006245432516956586
0.0007653433405710552
0.0008961123750795687
0.0005154530314326215
0.0007264346481617646
0.0005235251164037075
0.00048798433155578707
0.0005082228870642662
0.000504148818501295
0.0004236603972447531
0.0005207698036927399
0.0005082952976226806
0.0005500573110167784
0.00048305332518420524
0.000610996156602058
0.0005282747404306647
0.0004694897265086053
0.0005005114091309376
0.0004768849022870693
0.000498372096259939
0.0005249321088083942
0.0004568478713432948
0.0005633253953315715
0.00048112631695104594
0.0005115555788199532
0.0004730313378480328
0.0004967825196650194
0.0006330147500698296
0.0005354584414066035
0.0004845435892601194
0.000460912562789532
0.0004546195003328408
0.0005183600594331871
0.0004901495869332219
0.00046109630133467404
0.00044979661190799517
0.0005280197814658836
0.00048306335417015294
0.0004519815094766795
0.0004847270627922388
0.0004656859035497588
0.00046237476125976745
0.0004570361108901197
0.00047655104885857037
0.0004885019968502485
0.0005384842660410184
0.0004947232178782431
0.0004899902978875689
0.00048418311830604536
0.0004872553393579008
0.00046189707547522954
0.0004670489326690854
0.0005062961958038951
0.0005010899929505474
0.0005040481102491178
0.0004977683987277497
0.0005894768922774887
0.0008944778300567285
0.0005133402744110171
0.000512606522979422
0.0004945276203699833
0.0005167957614449893
0.00044006715624236387
0.0004752535353261958
0.0004707535960342896
0.0004794845920051727
0.00045662771762730267
0.00046082466613245375
0.0004560225759393699
0.0005458116776226832
0.0004385741934044755
0.00041624188772744096
0.0004912374551538776
0.00044716496330632414
0.0005761118637932175
0.000511619890371679
0.0006143596650566224
0.00047137958174287855
0.0004613356071150648
0.0004790644850767168
0.0005198059705448068
0.00046900665899466353
0.00045872367080001587
0.0004604778430532949
0.0006516561186386764
0.0005614371256572063
0.0004941395599476613
0.00043820684163527255
0.0005206002032822897
0.0004923914145143614
0.00043157067233530905
0.0005987795900672934
0.00044208603466748845
0.00045277626364381165
0.00046567501217569587
0.0005826472576510163
0.0005672120631521967
0.00048722054406011756
0.0005831586645202371
0.00047688615259699796
0.00047644058539791836
0.0005068701193776241
0.000527831382856782
0.0007002541556183784
0.0007120925016677417
0.0004861117205414899
0.0005835993196517879
0.00044365032633860585
0.00047430882842636884
0.0004565772836003669
0.00047829889774184256
0.0004777347004931906
0.00045928897045205137
0.0004886408462723326
0.0005416046906788039
0.00043412818685044564
0.0009140839625025969
0.0004447362627144213
0.0005888825280838079
0.00044738544833115444
0.0004609387435813831
0.0004978610084236013
0.0006138297286001943
0.0004669158772744587
0.00046003050725652134
0.00045099740903867583
0.0004917316106490758
0.0004697735090855567
0.0005053871813307312
0.00048617487547719353
0.0004478835619708996
0.00046441750842487437
0.00046456497225902914
0.0004915345958026323
0.00048525262009400716
0.0005835154033215072
0.00047104446150416095
0.0004499746857358891
0.0004954772637361488
0.00048442814732639866
0.0006706672483698052
0.0006172300070181661
0.0004695424469200163
0.0005531380876325316
0.0004949583050303167
0.0009083537776215615
0.0004590310530477822
0.00044540851470457025
0.00044465670108384927
0.0005361726934756708
0.0007428115163843008
0.0005596355756579293
0.00046611211252772544
0.0005159110411199371
0.00044788587001207527
0.0005172895545883047
0.0005126245543680477
0.0004790499806404114
0.000467042702076808
0.00042701783079362174
0.0007757230396439737
0.00047948644842420304
0.0004547239541666946
0.0005191229602937899
0.00047541755354475913
0.0004951190288480559
0.00046088394526918333
0.000605393445498591
0.00047683569655514933
0.0004751395812192284
0.0006852779132954991
0.0005963204253433097
0.00045059395121631714
0.0010290820160053313
0.0007101484353543006
0.00047004053249369987
0.0004949857466251379
0.0005409785199897688
0.00047987484274379633
0.0005031539812353676
0.0005270954084924827
0.0005148040300065821
0.0005323114939556647
0.0005073258309524077
0.0005095724080930608
0.0004709904567337469
0.0005082742880422172
0.0005227997434186585
0.0005150371953857699
0.0005104315051145834
0.0005604819827189219
0.0005226894073378262
0.00042993064913861783
0.0005746701498128819
0.0005423652528535534
0.0005041503541943173
0.000525112064420924
0.0005763588785046366
0.0005596112928587331
0.0004983939074607404
0.0004670211540571408
0.0005348216847511334
0.00045726565916098566
0.00046194215604371773
0.0005057206471491896
0.000462727154485259
0.0004873728214097124
0.0005241848120767386
0.0005094491833863475
0.00042836944306985365
0.0005003315994658245
0.0005053184401821083
0.0005002931217783372
0.00043828436383255967
0.0005124547835172078
0.0005044512991564423
0.0005009159257140341
0.00050691631701183
0.0005089249006308362
0.0005076558084686262
0.0005100818623582712
0.0004951636610406168
0.000505632863423691
0.000482607212446835
0.0004960531570119802
0.0005000257565651411
0.0005012576743897683
0.0005129803717972118
0.0005264349066646352
0.0005064550202523646
0.0005236628443695778
0.0005031457635200991
0.0005049150853356004
0.0005111552666443059
0.0004421165434546141
0.0005140831067566105
0.0005051267230427349
0.0005023071263193817
0.0005272625210500476
0.0005190251192079035
0.0005069707285328662
0.000415996432970356
0.0005034530538981336
0.0005031960893116604
0.0004996608130731564
0.0005056613091645496
0.0004953914273899137
0.0005074108338395909
0.000509837260643752
0.0005005222632068988
0.0005065230779841804
0.0005140753011517538
0.0006754692302577445
0.0005070559995742577
0.0005102572486223433
0.0005139958447194723
0.0005024767054636057
0.0005027560954364442
0.0005039296482946265
0.0005014080548034635
0.0005019256127281433
0.0005753994153605567
0.0005039351412204529
0.00045736576701984477
0.0005060913097583815
0.0004955833812929549
0.0005098084801609076
0.0004745060810431863
0.0005064875523667935
0.0005087947964403951
0.0005114603220970553
0.0005131729256743539
0.0005019518088449305
0.0005009199924775269
0.0005194382294043259
0.0005134044923238749
0.0004971170986011975
0.0004926269330018389
0.0005212757249283204
0.0005033216204941108
0.0004888196352536786
0.0005045332138050986
0.0004607657147059616
0.0005090157179987806
0.0004974360002722492
0.000495449448658141
0.0005012705737146838
0.0004956492290139132
0.0005108879754324409
0.0005168922188000748
0.0004966124814218252
0.0005219247222931917
0.0005095738151190991
0.0005690431148470236
0.0004888751143894674
0.0005894659407924805
0.0004926142699124888
0.0005150644561507389
0.0005112947885368038
0.0005040670273525497
0.0005137650119501603
0.0005057034911690177
0.0004825001887913688
0.0005479226362436829
0.0005079224448003777
0.0005126743690896898
0.0005204078428375704
0.0005034075225373905
0.0005203771989967256
0.0005085624983174759
0.0005046123836294662
0.0005281389412814623
0.0005107831706807437
0.0005459939532577665
0.0005312656951609815
0.0004892344838879966
0.0004954715433916543
0.0005112470696217643
0.0005079534394773004
0.0004967315037958344
0.0005082158841667164
0.0006041631998260164
0.0004911628520999961
0.0005026457415194801
0.0004923760874688609
0.0005593512646496036
0.0004626107736303894
0.00048159611595828094
0.000488784939318871
0.0005307848541921201
0.0005040720783419751
0.000539221653171716
0.0004922456164608141
0.0005059939259277709
0.0005182558789812769
0.0004612009812128174
0.0004961601406538568
0.000502697418122608
0.0005121571167610507
0.0005053473335689276
0.0005263710806116393
0.0005291019282911135
0.0005098394128622745
0.0005237714613604196
0.0005087990525168243
0.0005190353537227121
0.0004915447053948122
0.0005135184646105546
0.0005009871108570105
0.00049399560289114
0.0005174601876208956
0.0005126785456649656
0.0005103990140887529
0.0004957211108016555
0.0005564391209509132
0.0005026134562995799
0.0005026558255310471
0.0004998371972666158
0.0005273565847486105
0.0005088090380828015
0.0005053364608570768
0.0005468048598315264
0.0005193219027690584
0.0004900433867767269
0.0005102288294830034
0.0005010346485780588
0.000513474484365157
0.0005012413680842935
0.0004959787067004796
0.0005006686158421998
0.0005161482454085484
0.0004750672537040196
0.0005133685896063198
0.000521341499326558
0.0005008851521874964
0.0004480579846895184
0.0005230685743637393
0.0005057717806813021
0.0005185110837758341
0.00046151639185264715
0.00048240965558303626
0.0005046794651657022
0.0005151535579832097
0.0004971990625042225
0.0005032008225130773
0.00048637562996590815
0.0005123420689730036
0.0005511304926501125
0.0004988534379523594
0.00047630508122526013
0.00046728094642620746
0.0004972954537849324
0.000500495936716571
0.0005219959177771565
0.0005037453741098645
0.0005174976462786633
0.0004944775477949395
0.0005641961250876972
0.0005159757818038814
0.0004629741670487079
0.0004948354016079818
0.0005033997609653574
0.0005613786751686714
0.000496110691226529
0.0004708199873029183
0.0005743281804343574
0.0005180639800465155
0.000490573801207657
0.0004967529200413147
0.0005309478863835208
0.00047330123070050126
0.0004992645263671875
0.0004982338591087217
0.0004939246755927356
0.0005261520052350047
0.00045396059703877714
0.0007351459104433834
0.000521627954019906
0.0005554124050582061
0.0005207201183444962
0.0005509280625668317
0.0004742133173536747
0.0005084024214801621
0.0004926519404060976
0.00046414189157478357
0.0005383230864558286
0.000478294345328849
0.00056159884069932
0.0005373390846870165
0.0004968008228168366
0.0004990479458418977
0.0009545293979998926
0.0005629112283610058
0.0005576060660191331
0.0004968671782276468
0.0004668681945002262
0.0005883166805797854
0.0010456099190701872
0.0005069710067696504
0.0004906241322018092
0.0005676138177060614
0.00108259881615008
0.0005697783134942709
0.0005587528207073888
0.00046028439846739643
0.00073276926422724
0.0011033161785675009
0.0007879710739022894
0.0006820529124841924
0.0004948656120924663
0.00044162012587502247
0.0004399782277663339
0.0009532604485443606
0.0004892810896227631
0.0004462861398766797
0.0005127140013996903
0.0005053092368506631
0.0005679975947791081
0.0009772438798291074
0.0005063565233119102
0.0005072947080651845
0.0006000243048918875
0.0005108053293456469
0.000527599543286022
0.0004942706782912506
0.0005240543783651165
0.0005092616463459431
0.0005282608697242757
0.0006242742963058917
0.0004820731789374552
0.0007947373653090384
0.0006698067263355405
0.00047909933511618396
0.0005040511035468871
0.00047703418336513627
0.00048005093312976116
0.000472995306842449
0.0004734480343524765
0.0004649602027035584
0.0004896699539212546
0.00047534515358884163
0.0004456386204165314
0.0004748733247708538
0.0004378353376653043
0.0004783333236560627
0.0004694892802747224
0.0005079690303677828
0.0004804765156159149
0.0004859978018213197
0.0004874078270783619
0.0004926329339008227
0.0004893955611684614
0.0004703621271850857
0.0004978749691071241
0.00047884378052553994
0.0004713113381331578
0.0005222491055455015
0.0005128206656051254
0.00048747533679412375
0.00048501159823021583
0.0004969715575247763
0.0004819337433824937
0.000465938353470234
0.0004874301384911445
0.0005016557691992493
0.0004853675380333653
0.0004916056389926469
0.0004913484715448341
0.000505813599128614
0.0005508000786240036
0.0005090734995195047
0.0005230664278005625
0.0005065454225730847
0.0004109843776233471
0.0004124945088111052
0.0004184754110087863
0.00046838651835222654
0.0004563813727673653
0.000468095782386042
0.0004285532554361473
0.00046583088793016893
0.0004259301899628318
0.0004957513283090065
0.0004524609574624629
0.0004483792499776273
0.000444415717638304
0.00046888259835878597
0.0004443608135740435
0.0004600658415514954
0.00045455569996582314
0.0004545277820812944
0.00045920864556186884
0.0004544136013611439
0.0004528955948993194
0.0004511387995161691
0.0004523618047730973
0.0005078253746032715
0.0005061424215265595
0.0005762826421686998
0.00041535375289169395
0.0004297402385093097
0.00044401125195100136
0.00048421398937871117
0.0004297749305864636
0.00045316553349167055
0.00042041460959476744
0.0004374251555905532
0.0004890704056803123
0.00043850700132086863
0.00047304603911231085
0.00044071757109865917
0.00047323066348588255
0.0004628963961879443
0.000439327259960547
0.0006176330208502788
0.0005141142306109851
0.0005071283764037303
0.00044739062781206637
0.0005385565213249194
0.0004860390266312765
0.0004693304584343698
0.0004315771812047714
0.0005495015763833076
0.0004482303351270792
0.00043771102310540336
0.0004289175734901037
0.000462858426586156
0.0004373821642114392
0.0004458740479445134
0.0004600901747677197
0.0004582763114650099
0.0004427529356973555
0.00044302084171019137
0.000453660047493098
0.0004994687356517469
0.0004244109289220967
0.0004848749244806867
0.0005041675773412141
0.0004343562263720554
0.0003982632971953956
0.0005462799305878114
0.00045627340370295
0.00042900761546178974
0.00050699669812663
0.00043825905085400057
0.0004466919116410033
0.00042115229709892516
0.00044764105422242953
0.0004327709601372898
0.00042427479917308707
0.00048134160970239793
0.00045968523158978564
0.0004889257261693038
0.000519961816005765
0.0004739370050243588
0.0004481660816714312
0.00046387345848422797
0.0004378615961811407
0.00046155341906325905
0.00047106537617905725
0.00043951216673723906
0.0004230309410143625
0.0005114497312039053
0.00043395164652804564
0.00046866946253049747
0.0005189529176174264
0.0004363903830108836
0.00045430036408008204
0.00045332023394932346
0.00042885564562035184
0.0004720361542478336
0.0005214861073071443
0.00044798421063202296
0.0004324590417778926
0.0004499509399099468
0.000461904054105312
0.00043714375019676314
0.00045237192249394524
0.0004918034521955597
0.00042055913930953665
0.00047077110964531066
0.0004685436986913585
0.000469951625425266
0.00047916813308334543
0.0004469021504315769
0.00044037724960704384
0.0004433874675033973
0.0004660679995863352
0.00047486638854545823
0.0004563680849969387
0.000471243737596323
0.00044344623082831166
0.00045748420099082145
0.0004139476402288477
0.0006281902290188692
0.00044695033340761277
0.00047410227217764225
0.00044588834586997385
0.00046159596427589435
0.00044053148659945374
0.00041481257084177557
0.0004447579533610512
0.0004595713051261988
0.00042241314797470883
0.0004527181379465251
0.0004349298116911846
0.0004251836683400153
0.0004768874916788686
0.00044533661920563274
0.0004357719642587507
0.00042429758391305
0.00043123818579174225
0.00043722687732961296
0.0004634230671999211
0.0004873608635267816
0.0004234474243733306
0.0004205531560733112
0.000504084923365214
0.0004596068377729831
0.000471324816890333
0.0004642702812372252
0.0004182325601577759
0.0004929423600368219
0.00044697144816721276
0.00041392327188820115
0.00038712534990224926
0.0004253494307938289
0.0005489965408847026
0.00048033034441505014
0.00048049038160822823
0.00041407208455771573
0.0004459849022273114
0.0004551963329434068
0.0004721586838557737
0.00042838814726144396
0.0004566091325785547
0.0004420410354585754
0.00045929820948387997
0.00046624809703869636
0.00044751013019537084
0.00045773537487021486
0.0005014609934678718
0.0004499492820772002
0.00046893706788831774
0.0006088674172162713
0.00046672377268789305
0.00044941653376040253
0.0004875969365646279
0.00046093698645573503
0.0004773645882810121
0.00046280186949725424
0.0004479971328385119
0.0005487621466358198
0.0004777715851863225
0.0004900311111310207
0.0005052143178721377
0.0004054835442421309
0.0004596272621920371
0.0004854126085229873
0.00048038875661078156
0.00044162744459287753
0.00047760077632299743
0.0004795487786660953
0.0004350652587348904
0.0004362875124383851
0.000635755138746237
0.00047108771921825057
0.0004792330557323009
0.0004179410089644085
0.00043948429080808586
0.0004272370846014195
0.0004309609201219347
0.0004485735802613962
0.00042554024176677616
0.0004228264233108923
0.0004290526555451373
0.0004287835408080227
0.0004542039843235731
0.00045137811476942763
0.00044938603194844494
0.000477374613241011
0.0004470767646000303
0.0004500904655080803
0.00044708485852198787
0.0005004645244787105
0.0004482379139173688
0.0004492254128168723
0.0004584386145839888
0.00045370661365273606
0.0004464104669049543
0.0004976443061959863
0.00045560948385946285
0.0004861031987689924
0.0004468073808608214
0.0004488079459492182
0.0004487824633125002
0.00044023352897971685
0.0004707235583379294
0.0004082974453080013
0.000412672845799295
0.00043016236680019833
0.0004093304130376554
0.0003845594701040203
0.0004312484536551775
0.0004497559053653191
0.0004546780515020671
0.0004152555652464326
0.00046368069469024316
0.00045316870357811173
0.0004414024593312213
0.0004488856555139211
0.00043813167982404566
0.00045503164905407297
0.00045405437519823003
0.00044973901976532495
0.00047975490311034203
0.0004529749080811665
0.000446155943791382
0.00045364044746713637
0.0004371061244785873
0.0004481647357210121
0.0004628619478970039
0.00045252881146616775
0.00044904770588421463
0.00044628102518481916
0.0004475071997205649
0.0004509986681130859
0.0004447158435119168
0.00044218659952431665
0.00044883587402169174
0.00041537286011544307
0.0004543213658669279
0.0004466089330082594
0.00043609322335005734
0.00047653694672217023
0.00048450598974047093
0.0004489655917643921
0.00047200793659258396
0.00044999478481219527
0.0004434139043049305
0.00043063256080129187
0.0004468159912859352
0.00041806146780919807
0.00040324747359966667
0.00040720537279579147
0.0004316682554239445
0.00045387211712923916
0.0004183840849881489
0.00043814097647809045
0.00047787023318368333
0.00045788527747625643
0.0004690687246530454
0.0004985535211177578
0.00046701031121256734
0.00047003017220634426
0.0004563018730082371
0.00045246463877114017
0.0004612030731640194
0.0004674998463885865
0.00047290408709246276
0.000465673463129715
0.0004728654300533055
0.0004823837295242969
0.00047205599363963426
0.00047907072825043956
0.0004705899614394862
0.0004693193228598527
0.00048175745981071975
0.0004652903572691473
0.00045501817962587625
0.00046292295740954585
0.0004714853074177202
0.00046944010834956966
0.00046262605858676006
0.00045867140483144334
0.000462822045738099
0.00047239772392667734
0.00046129290935967954
0.00046198715634835805
0.0004797881185119688
0.0004597444263723327
0.00046174964652611657
0.00045845055058723857
0.00045687921169799777
0.00046561911448016636
0.0004678642257375287
0.00046516270482955147
0.00044380429554489217
0.0004640448170655747
0.00047433623711573184
0.00046180156129931743
0.0004662512160605378
0.00046003272109853654
0.0004682966783885645
0.00047095979456989535
0.0004306486136158174
0.0004599460156377918
0.0004711306414841692
0.00046038345083940365
0.00047389279146865543
0.00046308668471603596
0.000462589608995538
0.0004613175685255757
0.0004787610969379266
0.00046402230206899256
0.0004747311796558519
0.00046452140010528383
0.00046897193659906804
0.0004621582723671763
0.00046470092383587826
0.0004811916837375811
0.0004976267888608582
0.0004703756221806738
0.00045086656704203774
0.0004553139394545879
0.0005282481255619993
0.0004630361467209135
0.00047875173723731755
0.0004580526485993006
0.00046077326628751785
0.00048072028937979125
0.0004576971275465829
0.00046095414491983516
0.0004744043468237491
0.00046514839380660454
0.0004529100191468403
0.00047059027958710044
0.0004455978338683269
0.0004685215947745332
0.0004490719180370012
0.0004392735860103608
0.0004774546821440201
0.0004596761019771724
0.00053618786058761
0.00048796527322895474
0.0004521886149344424
0.0004406625689985065
0.00044635954742413544
0.00045235591786207957
0.00044637319317017757
0.0004475416236365681
0.00045008125463368205
0.00045005850418007674
0.0004452077882767627
0.0004414288234913939
0.0004679877452100768
0.0004454387433430147
0.00046341557723901533
0.00048783398249878623
0.00044961369533863624
0.00044959095753967183
0.000444561440330307
0.00044483556389047927
0.0004432620251787182
0.000444012712762059
0.0004594859420324081
0.0004431935662784149
0.0008291691063258646
0.00046248870101885494
0.00045376682742804273
0.0004449833055295087
0.000448416679535272
0.00045614241429360174
0.00044020694249758796
0.0004606265631762704
0.0005068598239630826
0.00045606762837745835
0.00047011333032986267
0.0004550752876673358
0.0004577959015993524
0.0006075618294554056
0.0004332925572114832
0.0006678105382127387
0.0005583456828699623
0.00045529237052510267
0.00044430400712085433
0.0009190313264149756
0.000623122543880814
0.0007161241001104956
0.0005443836529527039
0.000576152715304559
0.0004559373911557623
0.0004781489499827781
0.00048284196954330666
0.0004685818240196806
0.0005348442195727722
0.00045729615624037605
0.0004960185783992505
0.0007610689261100989
0.0008166114526478732
0.0005318840372671314
0.000454156432274633
0.00046909585319506537
0.0005096687834137835
0.0006618907210030657
0.0004481161566722265
0.00045768977605808547
0.0007453213181865896
0.00045914660554805144
0.00045859002799506274
0.0007341220490869502
0.000451401753403316
0.0004563270064052982
0.0004573791230855173
0.0006488087353738646
0.0004363423691632924
0.0004515757499525678
0.0004440437284408192
0.0004660142644290911
0.0006740160369828566
0.0004533301091299771
0.0004522954389487669
0.0004267630335946262
0.0004294772961377431
0.0006986845769777793
0.0004567255321968196
0.00045074452066032935
0.0005131882634464811
0.000445470009289538
0.00045015564792485726
0.0005924099127784333
0.0007544264128041822
0.0005191560125273345
0.0004793937291615733
0.00047490815908000716
0.000733635668750146
0.000480419390431403
0.00046615890165400736
0.0007921780293298371
0.0003980103198753647
0.0005875189859315452
0.0004564582610074993
0.00044266906865260853
0.0004494402951566098
0.0004441133652157942
0.00039962496423699207
0.00044858635231628065
0.000596085585743548
0.0010051045783393935
0.0006409076255137526
0.0007424961778128912
0.0005212298697895475
0.0004539307249113797
0.00047095658491188485
0.0005289347889300383
0.0008023972041512065
0.00047552526341697386
0.000609440834942208
0.0004518014441909596
0.0004969602261365232
0.0006572856284036018
0.0004482184766897153
0.00045075912834507465
0.0004522274983556647
0.0007001614284493371
0.0005942201993957224
0.0007707209185607981
0.00047602801415313215
0.0004440043993416211
0.0007300237979466819
0.00045403733069953293
0.0005697089680878248
0.0004942551704904116
0.0006675737785996516
0.0004385413454887149
0.0005870515936865552
0.000604048587373266
0.0004803229190213747
0.000424756492612991
0.00043849749859035177
0.00044347980044907225
0.000525472465602831
0.0006101662004111799
0.0004324401482282316
0.000445646539162746
0.0007876948062903737
0.0006399310552156888
0.0004582183009665203
0.0004949148488695916
0.00047344569768200995
0.0004501834898045315
0.0007384694360811775
0.0006097678032743632
0.0004462275221937023
0.0004771993079918829
0.0004941711149338077
0.0005717051397893846
0.0004394485816134262
0.0004611205312188605
0.0006266234667746575
0.0005284733481962694
0.00046743445047251966
0.0007574529485281424
0.0006211857700827791
0.00046271446938103624
0.0005926934071311026
0.0007706838062831334
0.0006542679269745319
0.00042177517173876903
0.00040624980623725347
0.00044949109436143175
0.0005929972891393861
0.0004544870762540934
0.00044397602392516145
0.00041319700835530627
0.00040339182273749886
0.0004997998985760295
0.00044680113287967903
0.0006883564477959227
0.00045456018030589127
0.0005483573540709073
0.00043087744224044346
0.00046780640974155565
0.000455033529434482
0.0004912527715212767
0.0006687432785277265
0.0005574896745171834
0.0006352766765259525
0.0009153199271774032
0.00045662726690249856
0.00042841423097104476
0.00042659965428439055
0.00045905735405486596
0.0004133211515644148
0.0005444811605037193
0.0008954929017024512
0.0006330737190809477
0.000657114450140428
0.0007649051485782256
0.0004266391215869606
0.00041594307123600803
0.00046264388663968804
0.00045988345411028677
0.00046785124463594077
0.0004038184428739083
0.0004033693021706018
0.0007635281823094542
0.0006965821527916453
0.00043781318625686985
0.00045853140884095483
0.0004450412701902197
0.0004500255325800693
0.0004815350045879565
0.0007722722168477721
0.00040027152190185794
0.0005757745766294801
0.00045776443966364457
